% result_MotorType_GearRatioVoltage
% PWM , StepsPerSec

result_555_W54_126 = [
-255 6089.00
-245 5714.00
-235 5505.00
-225 5362.00
-215 5229.00
-205 5122.00
-195 4992.00
-185 4865.00
-175 4732.00
-165 4578.00
-155 4417.00
-145 4230.00
-135 4022.00
-125 3770.00
-115 3482.00
-105 3165.00
-95 2820.00
-85 2443.00
-75 2017.00
-65 1555.00
-55 1074.00
-45 596.00
-35 147.00
-25 0.00
-15 0.00
-5 0.00
5 0.00
15 0.00
25 0.00
35 0.00
45 -523.00
55 -991.00
65 -1485.00
75 -1955.00
85 -2380.00
95 -2771.00
105 -3125.00
115 -3449.00
125 -3752.00
135 -4021.00
145 -4252.00
155 -4462.00
165 -4640.00
175 -4804.00
185 -4959.00
195 -5094.00
205 -5230.00
215 -5393.00
225 -5524.00
235 -5682.00
245 -5911.00
] % result

result_555_W54_168 = [
-255 8196.00
-245 7756.00
-235 7543.00
-225 7414.00
-215 7295.00
-205 7184.00
-195 7052.00
-185 6914.00
-175 6756.00
-165 6582.00
-155 6382.00
-145 6146.00
-135 5880.00
-125 5614.00
-115 5294.00
-105 4903.00
-95 4442.00
-85 3900.00
-75 3252.00
-65 2620.00
-55 1931.00
-45 1209.00
-35 496.00
-25 0.00
-15 0.00
-5 0.00
5 0.00
15 0.00
25 0.00
35 -421.00
45 -1080.00
55 -1807.00
65 -2496.00
75 -3141.00
85 -3732.00
95 -4252.00
105 -4738.00
115 -5171.00
125 -5558.00
135 -5888.00
145 -6226.00
155 -6415.00
165 -6610.00
175 -6792.00
185 -7000.00
195 -7166.00
205 -7320.00
215 -7472.00
225 -7592.00
235 -7751.00
245 -7988.00
] % result