% result_MotorType_GearRatio_Voltage
% PWM , StepsPerSec

result_555_139_111 = [
-255 -6058.00
-245 -5651.00
-235 -5386.00
-225 -5155.00
-215 -4959.00
-205 -4787.00
-195 -4632.00
-185 -4480.00
-175 -4302.00
-165 -4118.00
-155 -3917.00
-145 -3698.00
-135 -3451.00
-125 -3183.00
-115 -2888.00
-105 -2573.00
-95 -2223.00
-85 -1861.00
-75 -1470.00
-65 -1062.00
-55 -654.00
-45 -273.00
-35 0.00
-25 0.00
-15 0.00
-5 0.00
5 0.00
15 0.00
25 0.00
35 0.00
45 0.00
55 548.00
65 938.00
75 1329.00
85 1702.00
95 2058.00
105 2386.00
115 2706.00
125 3007.00
135 3294.00
145 3555.00
155 3800.00
165 4026.00
175 4235.00
185 4421.00
195 4612.00
205 4802.00
215 5001.00
225 5216.00
235 5446.00
245 5731.00
] % result

result_555_139_126 =[
-255 -6936.00
-245 -6497.00
-235 -6211.00
-225 -5983.00
-215 -5794.00
-205 -5623.00
-195 -5470.00
-185 -5295.00
-175 -5113.00
-165 -4912.00
-155 -4703.00
-145 -4464.00
-135 -4168.00
-125 -3848.00
-115 -3517.00
-105 -3148.00
-95 -2745.00
-85 -2297.00
-75 -1808.00
-65 -1320.00
-55 -829.00
-45 -371.00
-35 0.00
-25 0.00
-15 0.00
-5 0.00
5 0.00
15 0.00
25 0.00
35 0.00
45 348.00
55 769.00
65 1224.00
75 1692.00
85 2138.00
95 2556.00
105 2960.00
115 3338.00
125 3687.00
135 4015.00
145 4311.00
155 4584.00
165 4827.00
175 5043.00
185 5247.00
195 5444.00
205 5624.00
215 5809.00
225 6024.00
235 6275.00
245 6584.00
] % result

result_555_139_148 =[
-255 -8222.00
-245 -7670.00
-235 -7361.00
-225 -7108.00
-215 -6899.00
-205 -6722.00
-195 -6568.00
-185 -6406.00
-175 -6219.00
-165 -5999.00
-155 -5751.00
-145 -5491.00
-135 -5216.00
-125 -4897.00
-115 -4538.00
-105 -4107.00
-95 -3627.00
-85 -3120.00
-75 -2562.00
-65 -1957.00
-55 -1317.00
-45 -702.00
-35 0.00
-25 0.00
-15 0.00
-5 0.00
5 0.00
15 0.00
25 0.00
35 0.00
45 579.00
55 1146.00
65 1723.00
75 2275.00
85 2828.00
95 3349.00
105 3827.00
115 4296.00
125 4697.00
135 5056.00
145 5388.00
155 5683.00
165 5952.00
175 6187.00
185 6395.00
195 6590.00
205 6802.00
215 7010.00
225 7223.00
235 7472.00
245 7739.00
] % result 

result_555_139_168 = [
-255 -9357.00
-245 -8776.00
-235 -8379.00
-225 -8136.00
-215 -7954.00
-205 -7798.00
-195 -7607.00
-185 -7411.00
-175 -7209.00
-165 -6987.00
-155 -6746.00
-145 -6480.00
-135 -6166.00
-125 -5802.00
-115 -5383.00
-105 -4919.00
-95 -4386.00
-85 -3795.00
-75 -3157.00
-65 -2475.00
-55 -1758.00
-45 -1018.00
-35 -331.00
-25 0.00
-15 0.00
-5 0.00
5 0.00
15 0.00
25 0.00
35 254.00
45 828.00
55 1487.00
65 2167.00
75 2824.00
85 3445.00
95 4046.00
105 4625.00
115 5139.00
125 5575.00
135 5969.00
145 6333.00
155 6658.00
165 6943.00
175 7230.00
185 7478.00
195 7672.00
205 7844.00
215 8034.00
225 8300.00
235 8591.00
245 8940.00
] % result

result_555_139_LPO =[
-255 -8970.00
-245 -8363.00
-235 -8028.00
-225 -7791.00
-215 -7615.00
-205 -7454.00
-195 -7283.00
-185 -7099.00
-175 -6895.00
-165 -6679.00
-155 -6436.00
-145 -6159.00
-135 -5846.00
-125 -5485.00
-115 -5073.00
-105 -4612.00
-95 -4100.00
-85 -3546.00
-75 -2926.00
-65 -2291.00
-55 -1622.00
-45 -944.00
-35 -314.00
-25 0.00
-15 0.00
-5 0.00
5 0.00
15 0.00
25 0.00
35 0.00
45 761.00
55 1389.00
65 2027.00
75 2634.00
85 3229.00
95 3803.00
105 4341.00
115 4802.00
125 5224.00
135 5597.00
145 5944.00
155 6248.00
165 6511.00
175 6754.00
185 6980.00
195 7189.00
205 7396.00
215 7618.00
225 7868.00
235 8147.00
245 8502.00
] % result
