% result_MotorType_GearRatio_Voltage
% PWM , StepsPerSec

result_555_100_111 = [
-255 -5828.00
-245 -5426.00
-235 -5130.00
-225 -4876.00
-215 -4655.00
-205 -4434.00
-195 -4228.00
-185 -4032.00
-175 -3824.00
-165 -3598.00
-155 -3391.00
-145 -3219.00
-135 -2992.00
-125 -2734.00
-115 -2455.00
-105 -2171.00
-95 -1862.00
-85 -1533.00
-75 -1216.00
-65 -868.00
-55 -528.00
-45 -223.00
-35 0.00
-25 0.00
-15 0.00
-5 0.00
5 0.00
15 0.00
25 0.00
35 0.00
45 7.00
55 465.00
65 778.00
75 1101.00
85 1439.00
95 1757.00
105 2077.00
115 2368.00
125 2644.00
135 2914.00
145 3163.00
155 3401.00
165 3621.00
175 3848.00
185 4050.00
195 4285.00
205 4495.00
215 4725.00
225 4973.00
235 5229.00
245 5542.00
]; % result

result_555_100_126 = [
-255 -6686.00
-245 -6222.00
-235 -5900.00
-225 -5616.00
-215 -5362.00
-205 -5044.00
-195 -4853.00
-185 -4694.00
-175 -4495.00
-165 -4287.00
-155 -4060.00
-145 -3816.00
-135 -3530.00
-125 -3230.00
-115 -2907.00
-105 -2556.00
-95 -2192.00
-85 -1820.00
-75 -1414.00
-65 -1028.00
-55 -611.00
-45 -257.00
-35 0.00
-25 0.00
-15 0.00
-5 0.00
5 0.00
15 0.00
25 0.00
35 0.00
45 0.00
55 628.00
65 1007.00
75 1393.00
85 1767.00
95 2128.00
105 2484.00
115 2825.00
125 3145.00
135 3452.00
145 3726.00
155 3983.00
165 4216.00
175 4463.00
185 4704.00
195 4938.00
205 5162.00
215 5403.00
225 5660.00
235 5958.00
245 6306.00
]; % result

result_555_100_148 = [
-255 -7960.00
-245 -7430.00
-235 -7058.00
-225 -6780.00
-215 -6509.00
-205 -6241.00
-195 -6026.00
-185 -5807.00
-175 -5606.00
-165 -5477.00
-155 -5264.00
-145 -4946.00
-135 -4608.00
-125 -4271.00
-115 -3892.00
-105 -3474.00
-95 -3015.00
-85 -2552.00
-75 -2063.00
-65 -1561.00
-55 -1055.00
-45 -560.00
-35 0.00
-25 0.00
-15 0.00
-5 0.00
5 0.00
15 0.00
25 0.00
35 0.00
45 520.00
55 1011.00
65 1510.00
75 2000.00
85 2478.00
95 2942.00
105 3382.00
115 3778.00
125 4156.00
135 4503.00
145 4826.00
155 5149.00
165 5451.00
175 5718.00
185 5982.00
195 6239.00
205 6430.00
215 6689.00
225 6967.00
235 7272.00
245 7636.00
]; % result


result_555_100_168 = [
-255 -9168.00
-245 -8529.00
-235 -8115.00
-225 -7815.00
-215 -7564.00
-205 -7335.00
-195 -7125.00
-185 -6906.00
-175 -6627.00
-165 -6307.00
-155 -6015.00
-145 -5713.00
-135 -5376.00
-125 -4974.00
-115 -4578.00
-105 -4140.00
-95 -3658.00
-85 -3112.00
-75 -2551.00
-65 -1978.00
-55 -1390.00
-45 -813.00
-35 -284.00
-25 0.00
-15 0.00
-5 0.00
5 0.00
15 0.00
25 0.00
35 0.00
45 761.00
55 1345.00
65 1922.00
75 2500.00
85 3039.00
95 3539.00
105 3990.00
115 4459.00
125 4877.00
135 5281.00
145 5686.00
155 6004.00
165 6331.00
175 6638.00
185 6867.00
195 7134.00
205 7401.00
215 7663.00
225 7948.00
235 8260.00
245 8663.00
]; % result

result_555_100_LPO = [
-255 -8851.00
-245 -8243.00
-235 -7844.00
-225 -7539.00
-215 -7254.00
-205 -6971.00
-195 -6749.00
-185 -6560.00
-175 -6336.00
-165 -6082.00
-155 -5808.00
-145 -5490.00
-135 -5158.00
-125 -4811.00
-115 -4432.00
-105 -4009.00
-95 -3560.00
-85 -3062.00
-75 -2513.00
-65 -1942.00
-55 -1360.00
-45 -787.00
-35 -259.00
-25 0.00
-15 0.00
-5 0.00
5 0.00
15 0.00
25 0.00
35 0.00
45 669.00
55 1228.00
65 1803.00
75 2356.00
85 2901.00
95 3421.00
105 3891.00
115 4344.00
125 4769.00
135 5154.00
145 5536.00
155 5823.00
165 6125.00
175 6404.00
185 6666.00
195 6895.00
205 7148.00
215 7396.00
225 7692.00
235 8009.00
245 8396.00
]; % result
