% result_MotorType_GearRatioVoltage
% PWM , StepsPerSec

result_555_W72_126 = [
-255 5992.00
-245 5610.00
-235 5419.00
-225 5297.00
-215 5205.00
-205 5105.00
-195 5003.00
-185 4923.00
-175 4777.00
-165 4635.00
-155 4410.00
-145 4312.00
-135 4011.00
-125 3802.00
-115 3571.00
-105 3279.00
-95 2935.00
-85 2515.00
-75 2080.00
-65 1581.00
-55 1087.00
-45 599.00
-35 0.00
-25 0.00
-15 0.00
-5 0.00
5 0.00
15 0.00
25 0.00
35 0.00
45 -526.00
55 -974.00
65 -1483.00
75 -1967.00
85 -2442.00
95 -2852.00
105 -3225.00
115 -3515.00
125 -3763.00
135 -3985.00
145 -4205.00
155 -4385.00
165 -4547.00
175 -4667.00
185 -4794.00
195 -4900.00
205 -5003.00
215 -5099.00
225 -5229.00
235 -5483.00
245 -5676.00
] % result

result_555_W72_168 = [
-255 7900.00
-245 7440.00
-235 7255.00
-225 7167.00
-215 7053.00
-205 6937.00
-195 6816.00
-185 6681.00
-175 6523.00
-165 6351.00
-155 6153.00
-145 5955.00
-135 5708.00
-125 5427.00
-115 5095.00
-105 4696.00
-95 4279.00
-85 3685.00
-75 3180.00
-65 2522.00
-55 1802.00
-45 1078.00
-35 408.00
-25 0.00
-15 0.00
-5 0.00
5 0.00
15 0.00
25 0.00
35 -366.00
45 -943.00
55 -1616.00
65 -2337.00
75 -2972.00
85 -3532.00
95 -4050.00
105 -4490.00
115 -5064.00
125 -5408.00
135 -5706.00
145 -5958.00
155 -6179.00
165 -6504.00
175 -6675.00
185 -6829.00
195 -6966.00
205 -7085.00
215 -7205.00
225 -7317.00
235 -7454.00
245 -7657.00
] % result