% result_MotorType_GearRatio_Voltage
% PWM , StepsPerSec

result_555_051_111 = [
-255 3918.00
-245 3663.00
-235 3490.00
-225 3348.00
-215 3216.00
-205 3110.00
-195 3017.00
-185 2924.00
-175 2816.00
-165 2704.00
-155 2581.00
-145 2446.00
-135 2301.00
-125 2136.00
-115 1956.00
-105 1762.00
-95 1549.00
-85 1310.00
-75 1057.00
-65 790.00
-55 522.00
-45 233.00
-35 0.00
-25 0.00
-15 0.00
-5 0.00
5 0.00
15 0.00
25 0.00
35 0.00
45 0.00
55 -421.00
65 -736.00
75 -1004.00
85 -1261.00
95 -1501.00
105 -1717.00
115 -1922.00
125 -2106.00
135 -2272.00
145 -2424.00
155 -2560.00
165 -2684.00
175 -2802.00
185 -2911.00
195 -3012.00
205 -3116.00
215 -3232.00
225 -3367.00
235 -3516.00
245 -3691.00
] % result

result_555_051_126 = [
-255 4465.00
-245 4193.00
-235 4016.00
-225 3870.00
-215 3710.00
-205 3574.00
-195 3478.00
-185 3375.00
-175 3261.00
-165 3138.00
-155 3005.00
-145 2858.00
-135 2696.00
-125 2517.00
-115 2321.00
-105 2103.00
-95 1864.00
-85 1604.00
-75 1313.00
-65 1002.00
-55 689.00
-45 347.00
-35 0.00
-25 0.00
-15 0.00
-5 0.00
5 0.00
15 0.00
25 0.00
35 0.00
45 -296.00
55 -629.00
65 -956.00
75 -1265.00
85 -1559.00
95 -1827.00
105 -2072.00
115 -2289.00
125 -2492.00
135 -2680.00
145 -2846.00
155 -2995.00
165 -3138.00
175 -3257.00
185 -3372.00
195 -3477.00
205 -3586.00
215 -3707.00
225 -3849.00
235 -4007.00
245 -4208.00
] % result

result_555_051_148 = [
-255 5258.00
-245 4941.00
-235 4757.00
-225 4602.00
-215 4495.00
-205 4402.00
-195 4299.00
-185 4192.00
-175 4076.00
-165 3947.00
-155 3802.00
-145 3488.00
-135 3319.00
-125 3135.00
-115 2915.00
-105 2672.00
-95 2391.00
-85 2082.00
-75 1749.00
-65 1384.00
-55 986.00
-45 585.00
-35 189.00
-25 0.00
-15 0.00
-5 0.00
5 0.00
15 0.00
25 0.00
35 0.00
45 -527.00
55 -938.00
65 -1329.00
75 -1694.00
85 -2030.00
95 -2336.00
105 -2614.00
115 -2863.00
125 -3082.00
135 -3284.00
145 -3463.00
155 -3623.00
165 -3774.00
175 -3911.00
185 -4046.00
195 -4172.00
205 -4289.00
215 -4415.00
225 -4559.00
235 -4738.00
245 -4956.00
] % result

result_555_051_168 = [
-255 5941.00
-245 5593.00
-235 5383.00
-225 5220.00
-215 5108.00
-205 5013.00
-195 4912.00
-185 4811.00
-175 4684.00
-165 4541.00
-155 4381.00
-145 4200.00
-135 3997.00
-125 3766.00
-115 3506.00
-105 3071.00
-95 2753.00
-85 2412.00
-75 2057.00
-65 1651.00
-55 1210.00
-45 756.00
-35 307.00
-25 0.00
-15 0.00
-5 0.00
5 0.00
15 0.00
25 0.00
35 -224.00
45 -713.00
55 -1186.00
65 -1631.00
75 -2048.00
85 -2420.00
95 -2756.00
105 -3058.00
115 -3331.00
125 -3576.00
135 -3815.00
145 -4014.00
155 -4191.00
165 -4354.00
175 -4503.00
185 -4641.00
195 -4766.00
205 -4885.00
215 -5008.00
225 -5161.00
235 -5348.00
245 -5751.00
] % result

result_555_051_LPO = [
-255 5785.00
-245 5450.00
-235 5247.00
-225 5088.00
-215 4985.00
-205 4883.00
-195 4778.00
-185 4657.00
-175 4541.00
-165 4394.00
-155 4241.00
-145 4068.00
-135 3872.00
-125 3472.00
-115 3240.00
-105 2983.00
-95 2690.00
-85 2363.00
-75 1992.00
-65 1587.00
-55 1144.00
-45 691.00
-35 245.00
-25 0.00
-15 0.00
-5 0.00
5 0.00
15 0.00
25 0.00
35 0.00
45 -601.00
55 -1069.00
65 -1511.00
75 -1927.00
85 -2287.00
95 -2625.00
105 -2930.00
115 -3203.00
125 -3439.00
135 -3651.00
145 -3834.00
155 -4007.00
165 -4164.00
175 -4313.00
185 -4454.00
195 -4586.00
205 -4706.00
215 -4831.00
225 -4978.00
235 -5168.00
245 -5539.00
] % result