result_0p0100_0p0400_0p0000_2000_2 = [
-195364 0.0 0 0.00
-189168 0.0 0 0.00
-183068 0.0 0 0.00
-176912 0.0 0 0.00
-170752 0.0 0 0.00
-164604 0.0 0 0.00
-158404 0.0 0 0.00
-152260 0.0 0 0.00
-146176 0.0 0 0.00
-140032 0.0 0 0.00
-133876 0.0 0 0.00
-127764 0.0 0 0.00
-121648 0.0 0 0.00
-115396 0.0 0 0.00
-109340 0.0 0 0.00
-103232 0.0 0 0.00
-97032 0.0 0 0.00
-90888 0.0 0 0.00
-84744 0.0 0 0.00
-78600 0.0 0 0.00
-73508 0.0 0 0.00
-67372 0.0 0 0.00
-61108 0.0 0 0.00
-55048 0.0 0 0.00
-48932 0.0 0 0.00
-42672 0.0 0 0.00
-36612 0.0 0 0.00
-30492 0.0 0 0.00
-24376 0.0 0 0.00
-18112 0.0 0 0.00
-12052 0.0 0 0.00
-5936 0.0 0 0.00
328 0.0 0 0.00
6500 12.0 0 0.12
12492 24.0 0 0.20
18680 37.0 2 0.36
24864 49.0 4 0.46
30964 61.0 8 0.54
37088 73.0 16 0.61
43292 86.0 26 0.66
49396 98.0 38 0.68
54516 108.0 48 0.68
60676 121.0 62 0.69
66840 133.0 76 0.68
72976 145.0 92 0.66
79120 157.0 107 0.65
85228 170.0 122 0.63
91424 182.0 138 0.61
97524 194.0 153 0.59
103712 207.0 169 0.57
109840 219.0 184 0.54
115984 231.0 200 0.51
122136 243.0 216 0.48
128296 256.0 232 0.45
134348 268.0 247 0.44
140640 280.0 263 0.39
146804 293.0 279 0.37
152952 305.0 294 0.34
158936 317.0 309 0.32
165076 329.0 324 0.28
171232 342.0 339 0.26
177380 354.0 354 0.23
182484 364.0 366 0.21
188668 377.0 380 0.20
194816 389.0 395 0.18
200980 401.0 410 0.15
207132 413.0 423 0.15
213192 426.0 436 0.12
219364 438.0 450 0.10
225540 450.0 463 0.08
231684 463.0 476 0.09
237852 475.0 490 0.07
244012 487.0 502 0.06
250068 499.0 514 0.05
256240 512.0 526 0.06
262428 524.0 538 0.06
268528 536.0 550 0.05
274732 549.0 562 0.06
280840 561.0 574 0.06
287012 573.0 584 0.07
293108 585.0 596 0.08
299288 598.0 606 0.10
305364 610.0 616 0.11
310516 620.0 626 0.12
316676 633.0 636 0.15
322856 645.0 646 0.17
329000 657.0 656 0.19
335072 669.0 666 0.21
341232 682.0 675 0.24
347376 694.0 684 0.27
353528 706.0 694 0.29
359688 719.0 704 0.34
365848 731.0 714 0.36
371996 743.0 723 0.38
378144 755.0 732 0.42
384192 768.0 742 0.47
390444 780.0 752 0.49
396660 792.0 762 0.52
402796 805.0 772 0.56
408920 817.0 784 0.57
415068 829.0 795 0.58
421220 841.0 807 0.59
427360 854.0 820 0.60
433516 866.0 832 0.61
438620 876.0 843 0.61
444796 889.0 856 0.62
450772 901.0 870 0.60
456928 913.0 884 0.59
463104 925.0 898 0.58
469272 938.0 912 0.57
475348 950.0 926 0.56
481532 962.0 941 0.53
487704 975.0 956 0.52
493784 987.0 970 0.50
499964 999.0 984 0.48
506048 1011.0 999 0.47
512204 1024.0 1014 0.45
518436 1036.0 1028 0.42
524644 1048.0 1042 0.40
530784 1061.0 1057 0.39
536928 1073.0 1071 0.37
543068 1085.0 1086 0.34
549204 1097.0 1099 0.33
555260 1110.0 1114 0.32
561404 1122.0 1127 0.28
566496 1132.0 1139 0.28
572716 1145.0 1152 0.27
578860 1157.0 1166 0.25
584912 1169.0 1179 0.23
591152 1181.0 1192 0.22
597292 1194.0 1206 0.21
603432 1206.0 1218 0.21
609636 1218.0 1231 0.19
615760 1231.0 1244 0.19
621800 1243.0 1256 0.19
627924 1255.0 1268 0.19
634156 1268.0 1280 0.18
640288 1280.0 1292 0.19
646408 1292.0 1304 0.19
652536 1304.0 1315 0.18
658660 1317.0 1327 0.20
664780 1329.0 1338 0.21
671012 1341.0 1349 0.22
677124 1353.0 1360 0.24
683252 1366.0 1371 0.23
689372 1378.0 1382 0.25
694624 1388.0 1390 0.27
700648 1400.0 1400 0.28
706840 1413.0 1411 0.30
712948 1425.0 1422 0.32
719056 1437.0 1432 0.34
725248 1450.0 1442 0.38
731332 1462.0 1452 0.39
737628 1474.0 1463 0.41
743640 1486.0 1474 0.43
749824 1499.0 1484 0.46
755916 1511.0 1495 0.46
762124 1523.0 1506 0.48
768192 1536.0 1516 0.51
774396 1548.0 1528 0.52
780664 1560.0 1540 0.53
786680 1573.0 1551 0.54
792864 1585.0 1563 0.55
798960 1597.0 1575 0.55
805156 1610.0 1588 0.56
811244 1622.0 1600 0.56
817448 1634.0 1614 0.57
822512 1644.0 1624 0.56
828616 1656.0 1638 0.57
834820 1669.0 1651 0.56
840924 1681.0 1664 0.55
847136 1693.0 1678 0.53
853236 1706.0 1692 0.52
859344 1718.0 1706 0.52
865648 1730.0 1720 0.49
871768 1743.0 1734 0.48
877808 1755.0 1748 0.47
883940 1767.0 1762 0.45
890080 1779.0 1776 0.44
896220 1792.0 1790 0.43
902344 1804.0 1804 0.40
908648 1816.0 1818 0.38
914792 1829.0 1831 0.38
920932 1841.0 1846 0.34
927060 1853.0 1859 0.33
933096 1865.0 1872 0.32
939228 1878.0 1886 0.31
945364 1890.0 1899 0.29
950644 1900.0 1911 0.28
956764 1913.0 1924 0.27
962800 1925.0 1936 0.27
968928 1937.0 1950 0.25
975068 1949.0 1962 0.25
981188 1962.0 1975 0.24
987420 1974.0 1988 0.23
993624 1986.0 2000 0.22
999660 1999.0 2012 0.23
1005776 2011.0 2024 0.23
1011948 2023.0 2036 0.23
1018120 2035.0 2048 0.22
1024292 2048.0 2059 0.23
1030388 2060.0 2071 0.24
1036672 2072.0 2082 0.24
1042680 2085.0 2094 0.25
1048856 2097.0 2104 0.26
1054952 2109.0 2115 0.27
1061148 2121.0 2126 0.29
1067236 2134.0 2138 0.30
1073428 2146.0 2148 0.32
1078516 2156.0 2156 0.32
1084712 2169.0 2168 0.35
1090812 2181.0 2178 0.37
1096896 2193.0 2188 0.38
1103108 2205.0 2200 0.39
1109292 2218.0 2210 0.42
1115392 2230.0 2222 0.42
1121656 2242.0 2232 0.45
1127676 2255.0 2243 0.46
1133856 2267.0 2254 0.48
1139944 2279.0 2266 0.48
1146144 2291.0 2278 0.50
1152208 2304.0 2288 0.51
1158396 2316.0 2300 0.52
1164664 2328.0 2312 0.53
1170652 2340.0 2324 0.54
1176856 2353.0 2338 0.54
1182944 2365.0 2350 0.53
1189128 2377.0 2362 0.53
1195216 2390.0 2375 0.53
1201408 2402.0 2388 0.53
1206492 2412.0 2399 0.52
1212680 2425.0 2412 0.52
1218788 2437.0 2426 0.51
1224992 2449.0 2439 0.50
1231108 2461.0 2452 0.49
1237228 2474.0 2466 0.48
1243348 2486.0 2480 0.47
1249656 2498.0 2494 0.45
1255768 2511.0 2507 0.45
1261804 2523.0 2520 0.44
1267924 2535.0 2534 0.42
1274140 2547.0 2548 0.40
1280268 2560.0 2562 0.40
1286372 2572.0 2575 0.37
1292688 2584.0 2588 0.37
1298792 2597.0 2602 0.36
1304836 2609.0 2615 0.34
1310928 2621.0 2628 0.32
1317160 2634.0 2642 0.31
1323264 2646.0 2655 0.32
1329368 2658.0 2668 0.30
1334644 2668.0 2679 0.28
1340664 2681.0 2691 0.29
1346860 2693.0 2704 0.28
1352960 2705.0 2716 0.28
1359068 2717.0 2728 0.27
1365284 2730.0 2742 0.27
1371388 2742.0 2754 0.26
1377492 2754.0 2766 0.26
1383700 2767.0 2778 0.27
1389804 2779.0 2789 0.27
1395992 2791.0 2801 0.27
1402088 2803.0 2812 0.28
1408192 2816.0 2824 0.28
1414384 2828.0 2835 0.28
1420492 2840.0 2846 0.30
1426680 2853.0 2858 0.31
1432776 2865.0 2869 0.32
1438972 2877.0 2880 0.33
1445076 2889.0 2891 0.34
1451236 2902.0 2902 0.36
1457436 2914.0 2914 0.37
1462520 2924.0 2922 0.37
1468628 2936.0 2934 0.39
1474820 2949.0 2944 0.40
1480916 2961.0 2955 0.41
1487112 2973.0 2967 0.43
1493208 2986.0 2978 0.44
1499400 2998.0 2990 0.46
1505476 3010.0 3000 0.46
1511676 3023.0 3012 0.48
1517776 3035.0 3024 0.48
1523976 3047.0 3036 0.49
1530080 3059.0 3048 0.50
1536300 3072.0 3060 0.50
1542384 3084.0 3072 0.50
1548644 3096.0 3084 0.51
1554660 3108.0 3096 0.52
1560848 3121.0 3110 0.51
1566932 3133.0 3122 0.51
1573140 3145.0 3135 0.51
1579248 3158.0 3148 0.50
1585364 3170.0 3161 0.49
1590640 3180.0 3172 0.48
1596768 3193.0 3186 0.48
1602792 3205.0 3198 0.48
1608908 3217.0 3212 0.46
1615128 3229.0 3225 0.45
1621224 3242.0 3238 0.45
1627348 3254.0 3252 0.43
1633664 3266.0 3265 0.42
1639768 3279.0 3278 0.42
1645940 3291.0 3292 0.40
1652064 3303.0 3306 0.38
1658096 3315.0 3318 0.38
1664220 3328.0 3332 0.37
1670436 3340.0 3345 0.36
1676644 3352.0 3358 0.35
1682672 3365.0 3371 0.35
1688776 3377.0 3384 0.34
1694988 3389.0 3397 0.32
1701100 3401.0 3410 0.32
1707200 3414.0 3422 0.32
1713428 3426.0 3435 0.32
1718520 3436.0 3446 0.30
1724624 3448.0 3458 0.30
1730828 3461.0 3470 0.30
1736932 3473.0 3482 0.30
1743132 3485.0 3494 0.30
1749228 3498.0 3506 0.31
1755340 3510.0 3518 0.30
1761628 3522.0 3530 0.30
1767632 3534.0 3542 0.31
1773836 3547.0 3554 0.31
1779944 3559.0 3566 0.31
1786148 3572.0 3578 0.31
1792240 3584.0 3588 0.32
1798360 3596.0 3600 0.33
1804660 3608.0 3611 0.34
1810676 3621.0 3623 0.35
1816784 3633.0 3634 0.36
1822988 3645.0 3646 0.36
1829112 3657.0 3656 0.37
1835228 3670.0 3668 0.39
1841420 3682.0 3679 0.39
1846508 3692.0 3688 0.40
1852692 3705.0 3700 0.42
1858800 3717.0 3712 0.42
1864996 3729.0 3723 0.43
1871108 3741.0 3735 0.45
1877192 3754.0 3746 0.46
1883388 3766.0 3758 0.46
