result_0p0100_0p0060_0p0000_2000_2 = [
-195364 0.0 0 0.00
-189168 0.0 0 0.00
-183072 0.0 0 0.00
-176912 0.0 0 0.00
-170752 0.0 0 0.00
-164604 0.0 0 0.00
-158464 0.0 0 0.00
-152320 0.0 0 0.00
-146176 0.0 0 0.00
-140036 0.0 0 0.00
-133876 0.0 0 0.00
-127764 0.0 0 0.00
-121568 0.0 0 0.00
-115456 0.0 0 0.00
-109340 0.0 0 0.00
-103144 0.0 0 0.00
-97032 0.0 0 0.00
-90888 0.0 0 0.00
-84744 0.0 0 0.00
-78604 0.0 0 0.00
-73512 0.0 0 0.00
-67380 0.0 0 0.00
-61112 0.0 0 0.00
-55052 0.0 0 0.00
-48932 0.0 0 0.00
-42676 0.0 0 0.00
-36616 0.0 0 0.00
-30496 0.0 0 0.00
-24236 0.0 0 0.00
-18176 0.0 0 0.00
-12056 0.0 0 0.00
-5796 0.0 0 0.00
264 0.0 0 0.00
6484 12.0 0 0.12
12640 24.0 0 0.24
18804 37.0 2 0.35
24828 49.0 4 0.42
31020 61.0 8 0.52
37160 74.0 15 0.59
43252 86.0 23 0.63
49368 98.0 34 0.65
54476 108.0 43 0.66
60640 120.0 56 0.67
66816 133.0 69 0.66
72944 145.0 83 0.65
79088 157.0 96 0.63
85232 170.0 111 0.61
91428 182.0 126 0.60
97492 194.0 140 0.57
103688 207.0 155 0.56
109820 219.0 170 0.53
115948 231.0 184 0.50
122092 243.0 199 0.49
128256 256.0 214 0.47
134400 268.0 228 0.44
140536 280.0 243 0.42
146712 293.0 258 0.40
152848 305.0 272 0.37
158992 317.0 286 0.35
165124 329.0 300 0.34
171276 342.0 314 0.33
177404 354.0 328 0.31
182500 364.0 340 0.29
188640 376.0 354 0.29
194780 389.0 367 0.27
201016 401.0 380 0.26
207068 413.0 394 0.24
213240 426.0 406 0.25
219376 438.0 419 0.23
225520 450.0 432 0.23
231652 462.0 444 0.24
237792 475.0 456 0.23
244036 487.0 470 0.23
250172 500.0 481 0.23
256296 512.0 493 0.25
262352 524.0 504 0.25
268532 536.0 516 0.26
274696 549.0 528 0.27
280848 561.0 539 0.27
287016 573.0 550 0.29
293080 585.0 561 0.30
299232 598.0 572 0.32
305384 610.0 583 0.32
310496 620.0 592 0.34
316640 632.0 603 0.35
322792 645.0 614 0.37
328928 657.0 624 0.39
335088 669.0 635 0.41
341240 682.0 646 0.43
347404 694.0 658 0.43
353544 706.0 668 0.45
359716 719.0 679 0.46
365868 731.0 690 0.48
371928 743.0 702 0.49
378088 755.0 713 0.50
384248 768.0 724 0.51
390388 780.0 736 0.51
396548 792.0 748 0.51
402712 805.0 760 0.53
408856 817.0 772 0.53
415032 829.0 785 0.53
421092 841.0 798 0.53
427248 854.0 810 0.53
433416 866.0 823 0.53
438616 876.0 834 0.51
444776 889.0 846 0.52
450944 901.0 859 0.52
456928 913.0 872 0.51
463100 925.0 886 0.50
469272 938.0 899 0.49
475436 950.0 912 0.48
481512 962.0 926 0.47
487692 975.0 939 0.47
493856 987.0 952 0.45
499928 999.0 966 0.45
506096 1011.0 979 0.45
512204 1024.0 992 0.43
518376 1036.0 1006 0.42
524656 1048.0 1019 0.40
530676 1061.0 1032 0.40
536792 1073.0 1045 0.39
542996 1085.0 1058 0.38
549100 1097.0 1071 0.37
555304 1110.0 1084 0.38
561436 1122.0 1098 0.37
566504 1132.0 1108 0.36
572716 1145.0 1120 0.36
578832 1157.0 1134 0.36
584928 1169.0 1146 0.35
591140 1181.0 1159 0.35
597248 1194.0 1171 0.34
603360 1206.0 1183 0.34
609636 1218.0 1196 0.34
615652 1231.0 1208 0.35
621848 1243.0 1220 0.35
627956 1255.0 1232 0.36
634160 1268.0 1244 0.36
640264 1280.0 1256 0.37
646360 1292.0 1268 0.37
652640 1304.0 1280 0.37
658668 1317.0 1292 0.38
664864 1329.0 1304 0.38
670964 1341.0 1316 0.38
677160 1354.0 1328 0.38
683240 1366.0 1339 0.39
689436 1378.0 1351 0.39
694496 1388.0 1360 0.40
700692 1401.0 1372 0.42
706792 1413.0 1384 0.43
712996 1425.0 1396 0.43
719100 1437.0 1408 0.44
725208 1450.0 1420 0.44
731408 1462.0 1432 0.44
737504 1474.0 1443 0.44
743704 1487.0 1456 0.45
749808 1499.0 1468 0.45
755996 1511.0 1480 0.46
762108 1523.0 1492 0.47
768212 1536.0 1504 0.47
774420 1548.0 1516 0.47
780532 1560.0 1528 0.46
786740 1573.0 1542 0.47
792840 1585.0 1554 0.46
799032 1597.0 1566 0.46
805144 1609.0 1579 0.46
811240 1622.0 1591 0.46
817456 1634.0 1604 0.46
822524 1644.0 1614 0.46
828720 1657.0 1627 0.46
834820 1669.0 1640 0.45
840912 1681.0 1652 0.45
847140 1693.0 1666 0.44
853244 1706.0 1678 0.44
859364 1718.0 1691 0.44
865656 1730.0 1704 0.43
871680 1743.0 1716 0.44
877804 1755.0 1728 0.43
884016 1767.0 1742 0.42
890128 1779.0 1755 0.43
896232 1792.0 1767 0.41
902428 1804.0 1780 0.41
908532 1816.0 1792 0.40
914744 1829.0 1806 0.41
920844 1841.0 1818 0.40
926948 1853.0 1830 0.40
933164 1866.0 1843 0.38
939264 1878.0 1856 0.40
945368 1890.0 1868 0.40
950616 1900.0 1879 0.39
956644 1912.0 1891 0.40
962864 1925.0 1904 0.39
968956 1937.0 1916 0.39
975156 1950.0 1928 0.39
981264 1962.0 1940 0.39
987380 1974.0 1952 0.39
993500 1986.0 1965 0.39
999704 1999.0 1978 0.40
1005800 2011.0 1990 0.39
1011964 2023.0 2002 0.39
1018120 2035.0 2014 0.40
1024260 2048.0 2026 0.41
1030452 2060.0 2038 0.41
1036552 2072.0 2050 0.41
1042732 2085.0 2062 0.42
1048816 2097.0 2074 0.42
1055016 2109.0 2087 0.42
1061108 2121.0 2099 0.42
1067304 2134.0 2111 0.42
1073392 2146.0 2123 0.41
1078476 2156.0 2134 0.41
1084676 2169.0 2146 0.42
1090764 2181.0 2158 0.42
1096964 2193.0 2170 0.43
1103148 2206.0 2182 0.43
1109236 2218.0 2194 0.44
1115440 2230.0 2206 0.44
1121524 2242.0 2219 0.44
1127720 2255.0 2231 0.44
1133804 2267.0 2243 0.43
1140000 2279.0 2256 0.43
1146092 2291.0 2268 0.44
1152288 2304.0 2280 0.44
1158372 2316.0 2292 0.43
1164664 2328.0 2306 0.42
1170672 2341.0 2318 0.44
1176864 2353.0 2330 0.44
1182960 2365.0 2342 0.44
1189168 2378.0 2355 0.45
1195264 2390.0 2367 0.43
1201464 2402.0 2380 0.43
1206628 2412.0 2390 0.43
1212652 2425.0 2402 0.43
1218852 2437.0 2415 0.42
1224956 2449.0 2428 0.42
1231156 2462.0 2440 0.42
1237260 2474.0 2452 0.42
1243376 2486.0 2465 0.42
1249652 2498.0 2478 0.42
1255672 2511.0 2490 0.43
1261772 2523.0 2502 0.43
1267976 2535.0 2515 0.42
1274092 2547.0 2528 0.42
1280288 2560.0 2540 0.42
1286376 2572.0 2552 0.41
1292672 2584.0 2566 0.40
1298684 2597.0 2578 0.41
1304792 2609.0 2590 0.41
1311000 2621.0 2602 0.41
1317100 2633.0 2615 0.41
1323316 2646.0 2627 0.40
1329404 2658.0 2639 0.40
1334660 2668.0 2650 0.41
1340772 2681.0 2662 0.42
1346792 2693.0 2674 0.41
1352992 2705.0 2687 0.42
1359100 2717.0 2699 0.41
1365212 2730.0 2711 0.41
1371400 2742.0 2724 0.41
1377504 2754.0 2736 0.41
1383712 2767.0 2748 0.42
1389800 2779.0 2760 0.41
1396024 2791.0 2773 0.41
1402128 2803.0 2786 0.41
1408228 2816.0 2798 0.41
1414428 2828.0 2810 0.41
1420524 2840.0 2822 0.41
1426732 2853.0 2834 0.42
1432836 2865.0 2847 0.43
1438936 2877.0 2859 0.42
1445140 2889.0 2871 0.42
1451240 2902.0 2883 0.42
1457448 2914.0 2896 0.42
1462536 2924.0 2906 0.42
1468636 2936.0 2918 0.43
1474852 2949.0 2930 0.43
1480952 2961.0 2943 0.42
1487152 2974.0 2955 0.42
1493260 2986.0 2968 0.42
1499356 2998.0 2980 0.42
1505636 3010.0 2992 0.42
1511656 3023.0 3004 0.43
1517864 3035.0 3017 0.42
1523972 3047.0 3030 0.42
1530076 3059.0 3042 0.43
1536284 3072.0 3054 0.43
1542380 3084.0 3066 0.43
1548676 3096.0 3079 0.42
1554780 3109.0 3091 0.43
1560816 3121.0 3103 0.43
1567012 3133.0 3116 0.42
1573124 3145.0 3128 0.43
1579212 3158.0 3140 0.42
1585448 3170.0 3154 0.42
1590536 3180.0 3163 0.42
1596632 3192.0 3176 0.42
1602840 3205.0 3188 0.42
1608932 3217.0 3200 0.41
1615156 3230.0 3214 0.41
1621252 3242.0 3226 0.41
1627352 3254.0 3238 0.42
1633644 3266.0 3250 0.42
1639656 3278.0 3262 0.42
1645856 3291.0 3275 0.42
1651960 3303.0 3287 0.41
1658164 3316.0 3300 0.42
1664264 3328.0 3312 0.42
1670348 3340.0 3324 0.41
1676656 3352.0 3337 0.41
1682672 3365.0 3350 0.41
1688880 3377.0 3362 0.41
1694980 3389.0 3374 0.41
1701072 3401.0 3386 0.42
1707284 3414.0 3399 0.42
1713376 3426.0 3411 0.41
1718644 3436.0 3422 0.40
1724656 3449.0 3434 0.41
1730860 3461.0 3446 0.41
1736964 3473.0 3458 0.42
1743064 3485.0 3470 0.43
1749272 3498.0 3483 0.43
1755372 3510.0 3495 0.41
1761656 3522.0 3508 0.41
1767676 3535.0 3520 0.42
1773876 3547.0 3532 0.42
1779976 3559.0 3544 0.42
1786072 3571.0 3556 0.42
1792280 3584.0 3568 0.42
1798384 3596.0 3581 0.42
1804664 3608.0 3594 0.41
1810672 3621.0 3606 0.42
1816864 3633.0 3618 0.42
1822960 3645.0 3630 0.42
1829168 3658.0 3643 0.42
1835256 3670.0 3655 0.42
1841468 3682.0 3667 0.41
1846624 3692.0 3678 0.41
1852644 3704.0 3690 0.43
1858844 3717.0 3702 0.43
1864952 3729.0 3714 0.43
1871156 3742.0 3727 0.42
1877256 3754.0 3739 0.42
1883356 3766.0 3752 0.42
