result_0p0400_0p2000_0p0002_1000_2 = [
-195356 0.0 0 0.00
-189240 0.0 0 0.00
-183060 0.0 0 0.00
-176900 0.0 0 0.00
-170820 0.0 0 0.00
-164668 0.0 0 0.00
-158524 0.0 0 0.00
-152380 0.0 0 0.00
-146236 0.0 0 0.00
-140088 0.0 0 0.00
-133932 0.0 0 0.00
-127824 0.0 0 0.00
-121620 0.0 0 0.00
-115504 0.0 0 0.00
-109304 0.0 0 0.00
-103192 0.0 0 0.00
-97076 0.0 0 0.00
-90928 0.0 0 0.00
-84784 0.0 0 0.00
-78640 0.0 0 0.00
-73552 0.0 0 0.00
-67264 0.0 0 0.00
-61200 0.0 0 0.00
-55080 0.0 0 0.00
-48960 0.0 0 0.00
-42700 0.0 0 0.00
-36636 0.0 0 0.00
-30516 0.0 0 0.00
-24256 0.0 0 0.00
-18192 0.0 0 0.00
-12072 0.0 0 0.00
-5948 0.0 0 0.00
208 0.0 0 0.00
6424 6.0 0 0.20
12480 12.0 0 0.45
18656 18.0 4 0.49
24812 24.0 8 0.45
30988 30.0 15 0.47
37052 36.0 22 0.30
43216 43.0 30 0.32
49380 49.0 38 0.39
54460 54.0 44 0.22
60648 60.0 52 0.15
66840 66.0 60 0.22
72964 72.0 67 0.05
79076 78.0 74 0.15
85232 85.0 81 0.12
91312 91.0 88 -0.02
97504 97.0 94 -0.05
103632 103.0 100 0.09
109784 109.0 106 0.23
115940 115.0 111 0.14
122096 121.0 116 0.28
128240 128.0 122 0.37
134332 134.0 127 0.28
140524 140.0 132 0.43
146724 146.0 138 0.20
152804 152.0 144 0.35
158896 158.0 150 0.22
165108 164.0 156 0.33
171208 171.0 163 0.38
177424 177.0 170 0.34
182636 182.0 176 0.31
188648 188.0 182 0.32
194768 194.0 188 0.28
200976 200.0 196 0.29
207072 206.0 202 0.11
213276 213.0 209 0.26
219364 219.0 216 0.26
225468 225.0 222 0.23
231684 231.0 228 0.19
237796 237.0 235 0.19
243912 243.0 242 0.19
250128 249.0 247 0.24
256232 256.0 254 0.24
262356 262.0 259 0.24
268504 268.0 266 0.35
274664 274.0 272 0.11
280828 280.0 278 0.21
286976 286.0 284 0.21
293136 292.0 290 0.36
299292 299.0 296 0.16
305444 305.0 302 0.12
310448 310.0 307 0.23
316604 316.0 314 0.27
322848 322.0 319 0.27
329000 328.0 326 0.28
335140 334.0 332 0.14
341280 341.0 338 0.42
347420 347.0 344 0.29
353468 353.0 350 0.15
359608 359.0 356 0.25
365760 365.0 363 0.26
371908 371.0 370 0.26
378056 377.0 376 0.12
384220 384.0 382 0.12
390380 390.0 388 0.22
396640 396.0 395 0.32
402792 402.0 402 0.09
408940 408.0 407 0.33
415052 414.0 414 0.19
421088 420.0 420 0.19
427236 427.0 426 0.37
433388 433.0 432 0.27
438592 438.0 436 0.37
444756 444.0 443 0.13
450920 450.0 449 0.23
457064 456.0 455 0.34
463208 462.0 462 0.10
469356 469.0 467 0.38
475312 475.0 474 0.24
481476 481.0 480 0.14
487620 487.0 486 0.24
493776 493.0 492 0.24
499904 499.0 498 0.10
506032 505.0 504 0.34
512204 512.0 510 0.15
518412 518.0 516 0.25
524512 524.0 523 0.25
530624 530.0 530 0.25
536872 536.0 535 0.25
542964 542.0 542 0.25
549064 548.0 548 0.15
555280 555.0 554 0.40
561364 561.0 560 0.26
566624 566.0 566 0.12
572620 572.0 572 0.22
578800 578.0 578 0.22
584996 584.0 584 0.32
591052 590.0 590 0.12
597244 597.0 596 0.36
603412 603.0 602 0.22
609648 609.0 608 0.46
615732 615.0 615 0.12
621916 621.0 621 0.22
627928 627.0 627 0.08
634112 633.0 634 0.22
640188 640.0 639 0.12
646392 646.0 646 0.36
652648 652.0 652 0.32
658628 658.0 658 0.22
664820 664.0 664 0.32
671012 670.0 670 0.08
677084 676.0 676 0.32
683268 683.0 682 0.12
689344 689.0 688 0.36
694612 694.0 694 0.12
700776 700.0 700 0.22
706756 706.0 706 0.22
712952 712.0 712 0.26
719032 718.0 718 0.36
725248 725.0 724 0.16
731332 731.0 730 0.41
737636 737.0 736 0.37
743648 743.0 743 0.27
749852 749.0 750 0.23
755948 755.0 755 0.09
762124 761.0 762 0.33
768176 768.0 768 0.23
774388 774.0 774 0.09
780500 780.0 780 0.19
786616 786.0 786 0.18
792836 792.0 792 0.18
798936 798.0 798 0.18
805132 804.0 804 0.18
811196 811.0 810 0.12
817388 817.0 816 0.36
822464 822.0 822 0.36
828668 828.0 827 0.26
834768 834.0 834 0.26
840960 840.0 839 0.27
847052 846.0 846 0.31
853272 853.0 852 0.17
859356 859.0 858 0.27
865632 865.0 864 0.37
871652 871.0 871 0.27
877832 877.0 878 0.23
883908 883.0 884 0.09
890084 889.0 890 0.33
896248 896.0 896 0.23
902332 902.0 902 0.09
908596 908.0 908 0.43
914812 914.0 915 0.09
920932 920.0 922 0.05
926948 926.0 927 0.05
933052 932.0 934 0.28
939256 939.0 940 0.08
945340 945.0 946 0.32
950612 950.0 951 0.08
956616 956.0 956 0.08
962844 962.0 963 0.18
968924 968.0 968 0.18
975128 974.0 974 0.18
981192 981.0 980 0.36
987396 987.0 986 0.26
993488 993.0 992 0.26
999696 999.0 998 0.40
1005788 1005.0 1004 0.26
1011928 1011.0 1010 0.26
1018060 1017.0 1016 0.41
1024200 1024.0 1022 0.17
1030372 1030.0 1028 0.27
1036660 1036.0 1035 0.37
1042620 1042.0 1042 0.23
1048868 1048.0 1048 0.23
1054940 1054.0 1055 0.09
1061124 1060.0 1061 0.19
1067272 1067.0 1067 0.23
1073428 1073.0 1074 0.23
1078480 1078.0 1078 0.33
1084680 1084.0 1084 0.19
1090752 1090.0 1090 0.19
1096928 1096.0 1096 0.33
1103080 1102.0 1102 0.23
1109280 1109.0 1108 0.27
1115344 1115.0 1114 0.27
1121628 1121.0 1120 0.37
1127624 1127.0 1126 0.27
1133800 1133.0 1132 0.37
1139992 1139.0 1138 0.13
1146060 1145.0 1144 0.27
1152268 1152.0 1151 0.27
1158348 1158.0 1156 0.27
1164632 1164.0 1163 0.38
1170624 1170.0 1170 0.38
1176784 1176.0 1176 0.24
1182964 1182.0 1183 0.10
1189140 1188.0 1189 0.24
1195304 1195.0 1195 0.24
1201356 1201.0 1202 0.24
1206632 1206.0 1207 0.09
1212648 1212.0 1214 0.29
1218816 1218.0 1219 0.19
1224904 1224.0 1225 0.19
1231104 1230.0 1231 0.19
1237264 1237.0 1237 0.23
1243424 1243.0 1243 0.23
1249468 1249.0 1248 0.23
1255628 1255.0 1254 0.23
1261804 1261.0 1260 0.37
1267992 1267.0 1266 0.13
1274060 1273.0 1272 0.21
1280268 1280.0 1278 0.17
1286356 1286.0 1285 0.28
1292608 1292.0 1292 0.24
1298756 1298.0 1298 0.24
1304936 1304.0 1304 0.34
1310948 1310.0 1311 0.20
1317140 1316.0 1318 0.19
1323212 1323.0 1324 0.09
1329428 1329.0 1330 0.05
1334504 1334.0 1335 0.15
1340604 1340.0 1342 0.19
1346816 1346.0 1347 0.19
1352916 1352.0 1354 0.29
1359112 1358.0 1359 0.18
1365284 1365.0 1366 0.22
1371328 1371.0 1371 0.22
1377488 1377.0 1376 0.22
1383648 1383.0 1383 0.22
1389804 1389.0 1388 0.22
1395972 1395.0 1394 0.22
1402048 1401.0 1400 0.41
1408248 1408.0 1406 0.31
1414336 1414.0 1412 0.27
1420628 1420.0 1419 0.37
1426636 1426.0 1425 0.27
1432840 1432.0 1432 0.27
1438916 1438.0 1438 0.37
1445104 1444.0 1444 0.33
1451272 1451.0 1450 0.23
1457432 1457.0 1457 0.23
1462492 1462.0 1462 0.23
1468668 1468.0 1468 0.33
1474736 1474.0 1474 0.19
1480912 1480.0 1480 0.33
1487080 1486.0 1486 0.09
1493236 1493.0 1492 0.37
1499404 1499.0 1498 0.13
1505656 1505.0 1504 0.37
1511656 1511.0 1510 0.27
1517828 1517.0 1516 0.23
1524004 1523.0 1523 0.23
1530060 1529.0 1528 0.28
1536272 1536.0 1535 0.28
1542364 1542.0 1542 0.28
1548636 1548.0 1547 0.38
1554788 1554.0 1554 0.24
1560768 1560.0 1560 0.24
1566948 1566.0 1566 0.10
1573132 1572.0 1572 0.20
1579284 1579.0 1579 0.24
1585444 1585.0 1586 0.24
1590504 1590.0 1590 0.34
1596680 1596.0 1596 0.34
1602848 1602.0 1602 0.10
1608896 1608.0 1608 0.34
1615060 1614.0 1614 0.10
1621220 1621.0 1620 0.38
1627392 1627.0 1626 0.14
1633652 1633.0 1632 0.38
1639648 1639.0 1638 0.28
1645820 1645.0 1644 0.24
1651996 1651.0 1651 0.24
1658084 1657.0 1658 0.28
1664264 1664.0 1664 0.28
1670408 1670.0 1670 0.24
1676648 1676.0 1676 0.34
1682636 1682.0 1682 0.24
1688820 1688.0 1688 0.20
1695012 1694.0 1695 0.20
1701080 1700.0 1700 0.20
1707232 1707.0 1707 0.24
1713368 1713.0 1712 0.24
1718608 1718.0 1718 0.24
1724756 1724.0 1724 0.24
1730904 1730.0 1730 0.24
1737048 1736.0 1736 0.24
1743208 1742.0 1742 0.14
1749212 1749.0 1747 0.18
1755408 1755.0 1754 0.32
1761492 1761.0 1760 0.18
1767664 1767.0 1766 0.28
1773836 1773.0 1772 0.24
1779888 1779.0 1779 0.24
1786076 1785.0 1786 0.24
1792232 1792.0 1792 0.24
1798424 1798.0 1798 0.10
1804516 1804.0 1804 0.20
1810716 1810.0 1811 0.20
1816796 1816.0 1818 0.20
1823008 1822.0 1824 0.06
1829096 1828.0 1830 0.30
1835284 1835.0 1836 0.10
1841356 1841.0 1842 0.34
1846460 1846.0 1847 0.19
1852672 1852.0 1853 0.19
1858748 1858.0 1859 0.19
1864924 1864.0 1864 0.19
1871120 1870.0 1870 0.19
1877184 1877.0 1876 0.37
1883352 1883.0 1882 0.13
1889516 1889.0 1888 0.37
1895688 1895.0 1894 0.13
1901760 1901.0 1900 0.37
1907948 1907.0 1906 0.13
1914120 1913.0 1912 0.23
1920212 1920.0 1918 0.28
