result_0p0100_0p0400_0p0001_2000_2 = [
-195360 0.0 0 0.00
-189248 0.0 0 0.00
-183068 0.0 0 0.00
-176912 0.0 0 0.00
-170832 0.0 0 0.00
-164684 0.0 0 0.00
-158544 0.0 0 0.00
-152400 0.0 0 0.00
-146264 0.0 0 0.00
-139980 0.0 0 0.00
-133964 0.0 0 0.00
-127768 0.0 0 0.00
-121656 0.0 0 0.00
-115548 0.0 0 0.00
-109348 0.0 0 0.00
-103236 0.0 0 0.00
-97040 0.0 0 0.00
-90896 0.0 0 0.00
-84756 0.0 0 0.00
-78612 0.0 0 0.00
-73520 0.0 0 0.00
-67384 0.0 0 0.00
-61264 0.0 0 0.00
-55004 0.0 0 0.00
-48948 0.0 0 0.00
-42828 0.0 0 0.00
-36572 0.0 0 0.00
-30512 0.0 0 0.00
-24392 0.0 0 0.00
-18136 0.0 0 0.00
-12076 0.0 0 0.00
-5956 0.0 0 0.00
304 0.0 0 0.00
6476 12.0 0 0.12
12468 24.0 0 0.20
18692 37.0 2 0.30
24792 49.0 3 0.41
30888 61.0 8 0.50
37044 73.0 14 0.54
43252 86.0 22 0.60
49360 98.0 31 0.54
54476 108.0 39 0.57
60656 121.0 51 0.67
66824 133.0 62 0.63
72964 145.0 75 0.65
79012 157.0 88 0.65
85176 170.0 102 0.61
91372 182.0 115 0.61
97496 194.0 130 0.60
103676 207.0 144 0.55
109824 219.0 158 0.60
115956 231.0 172 0.64
122120 243.0 187 0.57
128180 256.0 202 0.57
134344 268.0 216 0.55
140500 280.0 232 0.48
146656 293.0 247 0.53
152776 305.0 262 0.45
158936 317.0 276 0.54
165096 329.0 292 0.42
171252 342.0 307 0.51
177424 354.0 322 0.38
182608 364.0 334 0.47
188768 377.0 349 0.40
194736 389.0 364 0.39
200896 401.0 378 0.36
207048 413.0 392 0.40
213192 426.0 407 0.33
219352 438.0 422 0.32
225500 450.0 436 0.24
231652 463.0 450 0.34
237812 475.0 464 0.22
243964 487.0 478 0.31
250108 499.0 491 0.31
256252 512.0 504 0.29
262332 524.0 518 0.29
268620 536.0 531 0.32
274640 549.0 544 0.21
280832 561.0 556 0.27
286944 573.0 570 0.26
293068 585.0 582 0.25
299264 598.0 594 0.26
305352 610.0 607 0.26
310500 620.0 616 0.36
316604 632.0 628 0.26
322800 645.0 640 0.26
328984 657.0 652 0.27
335060 669.0 664 0.33
341256 682.0 676 0.29
347324 694.0 687 0.29
353592 706.0 699 0.40
359756 719.0 710 0.32
365760 731.0 722 0.33
371928 743.0 732 0.34
378108 755.0 744 0.35
384176 768.0 755 0.42
390348 780.0 766 0.39
396616 792.0 778 0.49
402788 805.0 788 0.52
408756 817.0 800 0.43
414932 829.0 811 0.43
421100 841.0 823 0.45
427268 854.0 835 0.52
433424 866.0 846 0.48
438448 876.0 856 0.53
444636 889.0 868 0.49
450804 901.0 880 0.50
456968 913.0 892 0.50
463120 925.0 904 0.51
469192 938.0 916 0.46
475388 950.0 930 0.52
481464 962.0 942 0.51
487640 975.0 955 0.53
493824 987.0 968 0.51
499888 999.0 980 0.52
506084 1011.0 994 0.52
512208 1024.0 1006 0.52
518336 1036.0 1020 0.45
524656 1048.0 1032 0.66
530772 1061.0 1046 0.50
536924 1073.0 1060 0.43
543068 1085.0 1073 0.43
549200 1097.0 1086 0.47
555340 1110.0 1100 0.46
561492 1122.0 1114 0.34
566480 1132.0 1124 0.44
572612 1144.0 1138 0.39
578752 1157.0 1151 0.38
584892 1169.0 1164 0.42
591052 1181.0 1178 0.41
597192 1194.0 1191 0.41
603336 1206.0 1204 0.39
609496 1218.0 1217 0.33
615624 1230.0 1230 0.38
621836 1243.0 1243 0.32
627972 1255.0 1256 0.36
634024 1267.0 1268 0.35
640180 1280.0 1282 0.35
646412 1292.0 1294 0.35
652468 1304.0 1307 0.35
658624 1316.0 1319 0.29
664760 1329.0 1332 0.34
670900 1341.0 1344 0.34
677048 1353.0 1356 0.34
683184 1366.0 1368 0.34
689340 1378.0 1380 0.34
694436 1388.0 1391 0.39
700580 1400.0 1403 0.40
706828 1413.0 1415 0.40
712868 1425.0 1427 0.35
719032 1437.0 1438 0.35
725248 1450.0 1450 0.36
731332 1462.0 1462 0.36
737604 1474.0 1474 0.46
743744 1487.0 1486 0.37
749888 1499.0 1498 0.37
755936 1511.0 1510 0.37
762076 1523.0 1522 0.39
768204 1536.0 1532 0.40
774332 1548.0 1544 0.40
780464 1560.0 1556 0.40
786600 1572.0 1568 0.47
792844 1585.0 1580 0.42
798976 1597.0 1592 0.42
805116 1609.0 1604 0.42
811240 1622.0 1616 0.43
817376 1634.0 1628 0.43
822476 1644.0 1638 0.44
828596 1656.0 1650 0.45
834824 1669.0 1662 0.45
840952 1681.0 1674 0.45
847080 1693.0 1686 0.46
853196 1706.0 1698 0.46
859324 1718.0 1710 0.47
865632 1730.0 1723 0.56
871756 1743.0 1736 0.46
877880 1755.0 1748 0.46
883928 1767.0 1760 0.46
890072 1779.0 1774 0.45
896204 1792.0 1786 0.46
902344 1804.0 1798 0.46
908484 1816.0 1811 0.39
914636 1829.0 1824 0.45
920776 1841.0 1836 0.39
926928 1853.0 1850 0.44
933064 1865.0 1862 0.43
939208 1878.0 1875 0.38
945364 1890.0 1888 0.42
950460 1900.0 1898 0.47
956600 1912.0 1911 0.37
962748 1925.0 1924 0.41
968888 1937.0 1936 0.41
975080 1949.0 1950 0.40
981256 1962.0 1962 0.40
987336 1974.0 1974 0.40
993468 1986.0 1987 0.33
999624 1998.0 2000 0.39
1005776 2011.0 2012 0.39
1011984 2023.0 2025 0.38
1018080 2035.0 2038 0.39
1024264 2048.0 2050 0.38
1030380 2060.0 2062 0.38
1036508 2072.0 2074 0.38
1042624 2084.0 2087 0.33
1048844 2097.0 2099 0.32
1054964 2109.0 2112 0.37
1061088 2121.0 2124 0.38
1067216 2134.0 2136 0.38
1073336 2146.0 2148 0.38
1078632 2156.0 2158 0.38
1084772 2169.0 2170 0.39
1090904 2181.0 2182 0.39
1097036 2193.0 2194 0.44
1103068 2205.0 2207 0.38
1109260 2218.0 2219 0.40
1115340 2230.0 2230 0.40
1121632 2242.0 2243 0.44
1127744 2255.0 2255 0.40
1133900 2267.0 2267 0.40
1139884 2279.0 2279 0.40
1146076 2291.0 2291 0.41
1152184 2304.0 2303 0.42
1158320 2316.0 2315 0.41
1164644 2328.0 2327 0.51
1170784 2341.0 2339 0.42
1176908 2353.0 2351 0.47
1183040 2365.0 2363 0.47
1189076 2377.0 2375 0.36
1195204 2390.0 2388 0.42
1201328 2402.0 2400 0.42
1206624 2412.0 2410 0.42
1212744 2425.0 2422 0.43
1218884 2437.0 2434 0.43
1224924 2449.0 2446 0.37
1231048 2461.0 2459 0.43
1237180 2474.0 2471 0.43
1243400 2486.0 2483 0.42
1249628 2498.0 2495 0.58
1255748 2511.0 2508 0.43
1261788 2523.0 2520 0.43
1267912 2535.0 2532 0.44
1274056 2547.0 2544 0.44
1280196 2560.0 2557 0.44
1286324 2572.0 2570 0.43
1292644 2584.0 2582 0.53
1298768 2597.0 2595 0.43
1304796 2609.0 2607 0.43
1310932 2621.0 2620 0.42
1317064 2633.0 2632 0.43
1323188 2646.0 2644 0.37
1329340 2658.0 2658 0.42
1334588 2668.0 2668 0.41
1340600 2680.0 2680 0.42
1346768 2693.0 2692 0.41
1352956 2705.0 2706 0.41
1359048 2717.0 2718 0.41
1365208 2730.0 2730 0.41
1371384 2742.0 2742 0.41
1377488 2754.0 2755 0.35
1383628 2766.0 2767 0.40
1389764 2779.0 2780 0.40
1395972 2791.0 2792 0.40
1402100 2803.0 2804 0.40
1408236 2816.0 2816 0.40
1414380 2828.0 2830 0.40
1420500 2840.0 2842 0.34
1426636 2853.0 2854 0.40
1432768 2865.0 2866 0.40
1438900 2877.0 2878 0.40
1445132 2890.0 2890 0.40
1451212 2902.0 2902 0.41
1457416 2914.0 2915 0.35
1462624 2924.0 2926 0.34
1468748 2937.0 2938 0.40
1474880 2949.0 2950 0.40
1480916 2961.0 2962 0.40
1487028 2973.0 2974 0.40
1493220 2986.0 2986 0.41
1499416 2998.0 2998 0.41
1505492 3010.0 3010 0.41
1511624 3022.0 3023 0.42
1517796 3035.0 3035 0.41
1523908 3047.0 3047 0.40
1530032 3059.0 3060 0.40
1536208 3072.0 3072 0.41
1542372 3084.0 3084 0.41
1548612 3096.0 3096 0.51
1554632 3109.0 3108 0.42
1560844 3121.0 3120 0.41
1566912 3133.0 3132 0.41
1573092 3145.0 3145 0.41
1579208 3158.0 3158 0.42
1585396 3170.0 3170 0.41
1590484 3180.0 3180 0.41
1596680 3193.0 3192 0.42
1602820 3205.0 3204 0.42
1608944 3217.0 3216 0.42
1615072 3229.0 3228 0.42
1621196 3242.0 3241 0.42
1627324 3254.0 3254 0.42
1633576 3266.0 3266 0.51
1639616 3278.0 3278 0.42
1645748 3291.0 3290 0.42
1651992 3303.0 3303 0.42
1658100 3315.0 3315 0.42
1664164 3328.0 3327 0.41
1670360 3340.0 3339 0.41
1676624 3352.0 3352 0.51
1682648 3365.0 3364 0.42
1688784 3377.0 3376 0.42
1694964 3389.0 3388 0.41
1701040 3401.0 3401 0.41
1707212 3414.0 3414 0.41
1713396 3426.0 3426 0.41
1718464 3436.0 3436 0.46
1724628 3448.0 3448 0.41
1730728 3461.0 3460 0.41
1736904 3473.0 3473 0.41
1743096 3485.0 3486 0.35
1749256 3498.0 3498 0.41
1755352 3510.0 3510 0.41
1761600 3522.0 3522 0.51
1767620 3534.0 3535 0.41
1773840 3547.0 3547 0.40
1779940 3559.0 3560 0.40
1786040 3571.0 3572 0.40
1792232 3584.0 3584 0.41
1798392 3596.0 3596 0.41
1804508 3608.0 3608 0.40
1810708 3621.0 3620 0.41
1816772 3633.0 3633 0.41
1822940 3645.0 3646 0.41
1829132 3658.0 3658 0.41
1835216 3670.0 3670 0.41
1841384 3682.0 3682 0.41
1846460 3692.0 3692 0.51
1852660 3705.0 3704 0.41
1858836 3717.0 3718 0.41
1864928 3729.0 3730 0.46
1871040 3741.0 3742 0.40
1877196 3754.0 3754 0.41
1883368 3766.0 3766 0.41
