result_0p0400_0p0400_0p0001_2000_2 = [
-195360 0.0 0 0.00
-189248 0.0 0 0.00
-183068 0.0 0 0.00
-176992 0.0 0 0.00
-170832 0.0 0 0.00
-164684 0.0 0 0.00
-158544 0.0 0 0.00
-152400 0.0 0 0.00
-146260 0.0 0 0.00
-140120 0.0 0 0.00
-133964 0.0 0 0.00
-127768 0.0 0 0.00
-121656 0.0 0 0.00
-115544 0.0 0 0.00
-109348 0.0 0 0.00
-103236 0.0 0 0.00
-97124 0.0 0 0.00
-90980 0.0 0 0.00
-84836 0.0 0 0.00
-78704 0.0 0 0.00
-73520 0.0 0 0.00
-67384 0.0 0 0.00
-61268 0.0 0 0.00
-55064 0.0 0 0.00
-48948 0.0 0 0.00
-42832 0.0 0 0.00
-36720 0.0 0 0.00
-30512 0.0 0 0.00
-24396 0.0 0 0.00
-18276 0.0 0 0.00
-12076 0.0 0 0.00
-5956 0.0 0 0.00
244 0.0 0 0.00
6360 12.0 0 0.40
12604 24.0 3 0.75
18744 37.0 9 1.00
24736 49.0 23 0.85
30952 61.0 39 0.69
37096 73.0 55 0.54
43172 86.0 70 0.42
49336 98.0 86 0.27
54604 108.0 99 0.15
60560 120.0 115 0.16
66804 133.0 129 0.00
72868 145.0 140 0.00
79004 157.0 152 0.00
85224 170.0 164 0.17
91340 182.0 175 0.13
97440 194.0 185 0.17
103632 207.0 197 0.30
109776 219.0 208 0.34
115916 231.0 219 0.34
122048 243.0 229 0.47
128180 256.0 240 0.46
134392 268.0 251 0.55
140580 280.0 263 0.65
146632 292.0 275 0.55
152760 305.0 287 0.60
158888 317.0 299 0.60
165008 329.0 312 0.61
171164 342.0 325 0.57
177316 354.0 339 0.54
182584 364.0 349 0.50
188732 377.0 363 0.46
194896 389.0 376 0.43
201052 401.0 389 0.39
207008 413.0 403 0.26
213172 426.0 415 0.35
219336 438.0 429 0.27
225484 450.0 441 0.19
231652 463.0 455 0.28
237812 475.0 467 0.24
243960 487.0 479 0.24
250016 499.0 491 0.24
256172 512.0 503 0.29
262356 524.0 515 0.29
268620 536.0 527 0.39
274604 548.0 539 0.29
280792 561.0 551 0.34
286880 573.0 563 0.34
293064 585.0 575 0.29
299256 598.0 586 0.42
305320 610.0 597 0.52
310452 620.0 607 0.52
316640 633.0 619 0.51
322716 645.0 631 0.51
328888 657.0 643 0.52
335080 669.0 655 0.56
341148 682.0 668 0.57
347348 694.0 681 0.49
353436 706.0 693 0.49
359644 719.0 707 0.49
365712 731.0 719 0.46
371912 743.0 732 0.37
378100 755.0 745 0.38
384192 768.0 757 0.39
390380 780.0 771 0.30
396468 792.0 783 0.35
402660 805.0 796 0.21
408756 817.0 809 0.31
414952 829.0 821 0.32
421032 841.0 833 0.32
427212 854.0 845 0.27
433316 866.0 857 0.32
438468 876.0 868 0.32
444660 889.0 880 0.37
450740 901.0 892 0.42
456916 913.0 904 0.32
463096 925.0 916 0.41
469172 938.0 927 0.45
475352 950.0 939 0.46
481612 962.0 951 0.56
487600 974.0 963 0.46
493796 987.0 976 0.41
499868 999.0 988 0.47
506064 1011.0 1000 0.43
512248 1024.0 1013 0.47
518356 1036.0 1025 0.47
524460 1048.0 1037 0.39
530600 1060.0 1050 0.48
536828 1073.0 1063 0.44
542956 1085.0 1075 0.44
549084 1097.0 1088 0.49
555216 1110.0 1100 0.41
561340 1122.0 1113 0.41
566444 1132.0 1123 0.46
572568 1144.0 1136 0.37
578804 1157.0 1149 0.38
584928 1169.0 1161 0.38
591052 1181.0 1173 0.43
597208 1194.0 1186 0.38
603332 1206.0 1199 0.29
609460 1218.0 1211 0.35
615580 1230.0 1223 0.39
621816 1243.0 1235 0.39
627944 1255.0 1247 0.39
634072 1267.0 1259 0.43
640192 1280.0 1272 0.43
646308 1292.0 1284 0.35
652624 1304.0 1296 0.55
658744 1317.0 1308 0.44
664868 1329.0 1321 0.40
670900 1341.0 1333 0.40
677020 1353.0 1345 0.41
683252 1366.0 1357 0.45
689392 1378.0 1369 0.45
694568 1388.0 1380 0.41
700604 1400.0 1392 0.41
706728 1413.0 1404 0.42
712848 1425.0 1417 0.42
719072 1437.0 1429 0.42
725196 1450.0 1441 0.46
731312 1462.0 1453 0.37
737460 1474.0 1466 0.43
743592 1486.0 1479 0.43
749720 1499.0 1491 0.43
755956 1511.0 1503 0.43
762092 1523.0 1516 0.43
768216 1536.0 1528 0.40
774340 1548.0 1541 0.40
780460 1560.0 1553 0.40
786676 1573.0 1565 0.44
792820 1585.0 1578 0.40
798944 1597.0 1591 0.40
805060 1609.0 1603 0.41
811180 1622.0 1615 0.41
817412 1634.0 1628 0.41
822596 1644.0 1637 0.41
828728 1657.0 1651 0.37
834860 1669.0 1663 0.37
840892 1681.0 1675 0.37
847016 1693.0 1687 0.38
853236 1706.0 1699 0.42
859356 1718.0 1711 0.42
865484 1730.0 1723 0.42
871608 1742.0 1736 0.46
877720 1755.0 1748 0.42
883952 1767.0 1760 0.39
890080 1779.0 1773 0.39
896200 1792.0 1785 0.43
902320 1804.0 1797 0.43
908620 1816.0 1809 0.53
914752 1829.0 1822 0.43
920876 1841.0 1835 0.40
927012 1853.0 1847 0.40
933056 1865.0 1859 0.40
939168 1878.0 1871 0.44
945404 1890.0 1884 0.44
950576 1900.0 1893 0.44
956708 1912.0 1907 0.36
962744 1925.0 1919 0.41
968876 1937.0 1931 0.41
975008 1949.0 1943 0.41
981232 1962.0 1956 0.45
987356 1974.0 1968 0.41
993492 1986.0 1980 0.37
999620 1998.0 1993 0.41
1005756 2011.0 2005 0.42
1011928 2023.0 2017 0.33
1018000 2035.0 2029 0.38
1024196 2048.0 2042 0.42
1030392 2060.0 2055 0.42
1036580 2072.0 2067 0.48
1042588 2084.0 2079 0.42
1048796 2097.0 2091 0.42
1054916 2109.0 2103 0.43
1061008 2121.0 2116 0.43
1067232 2134.0 2128 0.34
1073360 2146.0 2141 0.39
1078448 2156.0 2151 0.39
1084560 2168.0 2163 0.43
1090776 2181.0 2175 0.43
1096888 2193.0 2188 0.44
1103012 2205.0 2200 0.40
1109236 2218.0 2212 0.40
1115348 2230.0 2225 0.40
1121460 2242.0 2237 0.40
1127660 2255.0 2249 0.44
1133780 2267.0 2261 0.44
1139896 2279.0 2273 0.40
1146028 2291.0 2286 0.41
1152144 2304.0 2299 0.45
1158364 2316.0 2311 0.41
1164484 2328.0 2323 0.41
1170596 2340.0 2335 0.45
1176812 2353.0 2348 0.45
1182932 2365.0 2360 0.37
1189040 2377.0 2373 0.37
1195256 2390.0 2385 0.41
1201372 2402.0 2397 0.42
1206472 2412.0 2408 0.43
1212596 2424.0 2420 0.33
1218820 2437.0 2433 0.38
1224924 2449.0 2445 0.38
1231044 2461.0 2457 0.42
1237156 2474.0 2469 0.42
1243372 2486.0 2481 0.42
1249480 2498.0 2493 0.38
1255584 2510.0 2505 0.43
1261824 2523.0 2518 0.43
1267936 2535.0 2530 0.43
1274056 2547.0 2543 0.38
1280168 2560.0 2555 0.43
1286384 2572.0 2567 0.43
1292488 2584.0 2579 0.43
1298608 2596.0 2592 0.47
1304720 2609.0 2604 0.34
1310952 2621.0 2617 0.40
1317068 2633.0 2629 0.44
1323180 2646.0 2641 0.44
1329412 2658.0 2653 0.35
1334592 2668.0 2664 0.40
1340620 2680.0 2676 0.35
1346740 2693.0 2689 0.40
1352940 2705.0 2701 0.40
1359044 2717.0 2713 0.40
1365152 2730.0 2725 0.40
1371384 2742.0 2739 0.41
1377592 2754.0 2751 0.42
1383624 2766.0 2763 0.41
1389744 2779.0 2775 0.41
1395960 2791.0 2787 0.41
1402080 2803.0 2799 0.41
1408192 2816.0 2812 0.45
1414288 2828.0 2824 0.36
1420612 2840.0 2836 0.56
1426728 2853.0 2849 0.41
1432768 2865.0 2861 0.41
1438880 2877.0 2873 0.42
1445116 2889.0 2885 0.38
1451240 2902.0 2898 0.42
1457356 2914.0 2911 0.33
1462448 2924.0 2921 0.38
1468664 2937.0 2933 0.42
1474776 2949.0 2945 0.42
1480892 2961.0 2957 0.42
1487016 2973.0 2969 0.38
1493240 2986.0 2982 0.42
1499360 2998.0 2995 0.42
1505480 3010.0 3007 0.33
1511600 3022.0 3019 0.43
1517724 3035.0 3031 0.43
1523940 3047.0 3043 0.43
1530056 3059.0 3055 0.43
1536172 3072.0 3068 0.43
1542288 3084.0 3080 0.39
1548608 3096.0 3093 0.49
1554724 3109.0 3105 0.43
1560760 3121.0 3117 0.43
1566880 3133.0 3129 0.39
1573016 3145.0 3142 0.39
1579244 3158.0 3155 0.35
1585368 3170.0 3167 0.40
1590460 3180.0 3177 0.40
1596580 3192.0 3189 0.44
1602820 3205.0 3201 0.35
1608940 3217.0 3214 0.40
1615056 3229.0 3227 0.44
1621176 3242.0 3239 0.40
1627388 3254.0 3251 0.40
1633584 3266.0 3263 0.50
1639608 3278.0 3275 0.44
1645740 3291.0 3288 0.44
1651940 3303.0 3300 0.35
1658064 3315.0 3312 0.36
1664184 3328.0 3325 0.41
1670304 3340.0 3337 0.41
1676612 3352.0 3349 0.51
1682748 3365.0 3361 0.45
1688868 3377.0 3375 0.37
1694908 3389.0 3387 0.37
1701036 3401.0 3399 0.37
1707256 3414.0 3411 0.41
1713364 3426.0 3423 0.41
1718448 3436.0 3433 0.51
1724588 3448.0 3445 0.41
1730720 3461.0 3458 0.41
1736940 3473.0 3471 0.41
1743064 3485.0 3483 0.37
1749180 3498.0 3495 0.41
1755296 3510.0 3507 0.42
1761620 3522.0 3519 0.52
1767740 3535.0 3532 0.42
1773860 3547.0 3544 0.42
1779904 3559.0 3556 0.42
1786032 3571.0 3569 0.38
1792152 3584.0 3581 0.42
1798380 3596.0 3593 0.42
1804600 3608.0 3605 0.52
1810748 3621.0 3617 0.46
1816872 3633.0 3631 0.38
1822904 3645.0 3643 0.38
1829024 3657.0 3655 0.38
1835252 3670.0 3667 0.42
1841388 3682.0 3679 0.42
1846584 3692.0 3689 0.43
1852716 3704.0 3703 0.35
1858744 3717.0 3715 0.39
1864864 3729.0 3727 0.39
1871096 3741.0 3739 0.39
1877216 3754.0 3751 0.43
