#Motor 555 Planetary Gearbox 1:51
result_0p0400_0p2000_0p0002_2805_1000_4 = [
-195392 0.0 0 0.00
-189252 0.0 0 0.00
-183040 0.0 0 0.00
-176932 0.0 0 0.00
-170824 0.0 0 0.00
-164636 0.0 0 0.00
-158544 0.0 0 0.00
-152364 0.0 0 0.00
-146184 0.0 0 0.00
-140092 0.0 0 0.00
-133896 0.0 0 0.00
-127772 0.0 0 0.00
-121648 0.0 0 0.00
-115520 0.0 0 0.00
-109404 0.0 0 0.00
-103180 0.0 0 0.00
-97056 0.0 0 0.00
-90892 0.0 0 0.00
-84828 0.0 0 0.00
-78660 0.0 0 0.00
-73556 0.0 0 0.00
-67396 0.0 0 0.00
-61256 0.0 0 0.00
-55116 0.0 0 0.00
-48976 0.0 0 0.00
-42844 0.0 0 0.00
-36544 0.0 0 0.00
-30408 0.0 0 0.00
-24268 0.0 0 0.00
-18128 0.0 0 0.00
-11988 0.0 0 0.00
-5844 0.0 0 0.00
216 0.0 0 0.00
6448 0.0 0 0.00
12584 0.0 0 0.00
18632 0.0 0 0.00
24940 0.0 0 0.00
31036 0.0 0 0.00
37144 0.0 0 0.00
43256 0.0 0 0.00
49484 1.0 0 0.04
54460 1.0 0 0.04
60716 1.0 0 0.04
66776 2.0 0 0.08
72880 2.0 0 0.09
79180 3.0 0 0.13
85280 3.0 0 0.13
91368 4.0 0 0.18
97708 4.0 0 0.18
103768 5.0 0 0.23
109948 6.0 1 0.24
115876 6.0 2 0.20
122080 7.0 3 0.10
128276 8.0 4 0.11
134484 9.0 6 0.03
140736 9.0 7 0.04
146632 10.0 8 0.18
152872 11.0 9 0.04
158904 12.0 10 0.14
165188 13.0 11 0.15
171268 14.0 12 0.05
177348 15.0 13 0.05
182584 16.0 14 0.15
188844 17.0 15 0.16
194876 18.0 15 0.20
201112 20.0 16 0.24
207176 21.0 18 0.21
213412 22.0 19 0.21
219476 24.0 21 0.11
225456 25.0 23 0.18
231712 26.0 24 0.08
237756 28.0 26 0.12
244016 29.0 27 0.08
250056 31.0 28 0.19
256308 32.0 30 0.09
262324 34.0 31 0.23
268640 36.0 33 0.24
274876 37.0 35 0.10
280916 39.0 37 0.10
287156 41.0 39 0.11
293180 42.0 40 0.21
299436 44.0 42 0.21
305476 46.0 44 0.21
310436 48.0 46 0.07
316652 50.0 47 0.22
322900 52.0 50 0.12
328924 54.0 51 0.12
335148 56.0 53 0.27
341196 58.0 55 0.13
347444 60.0 58 0.13
353480 62.0 60 0.27
359708 64.0 62 0.14
365908 66.0 64 0.14
371932 69.0 67 0.10
378128 71.0 70 0.14
384328 73.0 71 0.14
390336 76.0 74 0.01
396592 78.0 76 0.25
402788 81.0 78 0.29
408992 83.0 81 0.16
414924 86.0 84 0.16
421128 88.0 86 0.16
427320 91.0 89 0.16
433328 93.0 91 0.16
438468 96.0 94 0.17
444672 98.0 96 0.17
450872 101.0 99 0.31
456944 104.0 102 0.17
463052 107.0 104 0.18
469168 109.0 107 0.18
475476 112.0 110 0.08
481672 115.0 113 0.19
487784 118.0 116 0.19
493896 121.0 119 0.19
499932 124.0 122 0.19
506064 127.0 125 0.23
512360 131.0 128 0.24
518464 134.0 131 0.20
524640 137.0 135 0.20
530652 140.0 138 0.21
536772 143.0 142 0.21
543072 147.0 145 0.21
549176 150.0 148 0.21
555288 154.0 151 0.22
561388 157.0 155 0.32
566696 160.0 158 0.12
572816 163.0 162 0.08
578912 167.0 165 0.22
584928 170.0 168 0.23
591100 174.0 172 0.13
597216 178.0 176 0.23
603332 181.0 179 0.23
609716 185.0 183 0.34
615836 189.0 187 0.24
621964 193.0 191 0.24
628084 197.0 195 0.14
634208 200.0 198 0.25
640324 204.0 202 0.25
646360 208.0 206 0.25
652488 212.0 210 0.15
658796 216.0 214 0.29
664908 220.0 218 0.30
671012 225.0 222 0.30
677120 229.0 226 0.16
683228 233.0 230 0.17
689348 237.0 235 0.17
694668 241.0 239 0.17
700788 245.0 243 0.27
706908 249.0 247 0.28
713028 254.0 252 0.18
719228 258.0 256 0.28
725312 262.0 260 0.28
731596 267.0 266 0.14
737668 271.0 270 0.15
743740 276.0 274 0.19
750016 281.0 279 0.19
756084 285.0 283 0.29
762072 290.0 288 0.20
768340 295.0 292 0.34
774412 299.0 297 0.34
780492 304.0 302 0.20
786768 309.0 307 0.21
792852 314.0 312 0.31
798936 318.0 317 0.21
805220 324.0 322 0.31
811300 328.0 327 0.22
817388 333.0 332 0.32
822652 338.0 336 0.32
828748 343.0 342 0.18
834740 348.0 346 0.18
841032 353.0 351 0.18
847104 358.0 356 0.18
853188 363.0 362 0.37
859468 369.0 367 0.23
865632 374.0 372 0.33
871624 379.0 377 0.37
877916 385.0 383 0.24
883996 390.0 388 0.34
890092 395.0 394 0.24
896380 401.0 399 0.24
902460 407.0 405 0.25
908644 412.0 411 0.31
914636 418.0 416 0.25
920740 423.0 422 0.21
927048 429.0 428 0.11
933136 435.0 434 0.26
939220 440.0 439 0.26
945512 446.0 445 0.22
950488 451.0 450 0.22
956784 457.0 455 0.26
962868 463.0 461 0.26
968944 469.0 467 0.27
975020 475.0 472 0.27
981320 481.0 478 0.17
987388 487.0 484 0.41
993472 493.0 490 0.18
999760 499.0 496 0.42
1005856 505.0 503 0.28
1012012 511.0 510 0.29
1018136 518.0 516 0.19
1024268 524.0 523 0.15
1030400 530.0 529 0.25
1036616 537.0 536 0.35
1042644 543.0 542 0.25
1048944 549.0 549 0.21
1055068 556.0 555 0.26
1061208 562.0 562 0.26
1067340 569.0 568 0.16
1073456 575.0 574 0.26
1078464 581.0 579 0.26
1084604 587.0 586 0.40
1090920 594.0 592 0.30
1097044 601.0 598 0.21
1103164 608.0 605 0.35
1109296 615.0 612 0.25
1115428 621.0 619 0.22
1121648 628.0 626 0.32
1127780 635.0 633 0.32
1133916 642.0 640 0.33
1140060 649.0 647 0.33
1146196 656.0 654 0.33
1152336 663.0 662 0.19
1158468 670.0 668 0.33
1164604 677.0 676 0.30
1170648 684.0 683 0.30
1176780 692.0 690 0.34
1182924 699.0 697 0.34
1189048 706.0 704 0.34
1195192 714.0 711 0.34
1201328 721.0 719 0.25
1206652 727.0 725 0.35
1212764 735.0 732 0.39
1218900 742.0 740 0.35
1225036 750.0 747 0.40
1231160 757.0 755 0.26
1237304 765.0 763 0.26
1243352 772.0 770 0.36
1249496 780.0 778 0.41
1255644 788.0 786 0.37
1261784 795.0 794 0.37
1267932 803.0 802 0.37
1274072 811.0 809 0.28
1280212 819.0 817 0.28
1286344 827.0 825 0.34
1292492 835.0 833 0.24
1298632 842.0 840 0.38
1304776 850.0 848 0.39
1310924 859.0 856 0.39
1317076 867.0 864 0.39
1323224 875.0 873 0.19
1329376 883.0 881 0.29
1334684 890.0 888 0.40
1340836 898.0 896 0.40
1346984 906.0 905 0.26
1353128 915.0 914 0.16
1359276 923.0 922 0.26
1365420 931.0 930 0.26
1371568 940.0 938 0.31
1377720 948.0 947 0.27
1383864 957.0 955 0.31
1390016 965.0 963 0.31
1396156 974.0 972 0.22
1402300 982.0 980 0.32
1408456 991.0 988 0.46
1414604 1000.0 998 0.22
1420508 1008.0 1006 0.33
1426768 1017.0 1015 0.33
1432812 1026.0 1023 0.33
1439032 1035.0 1032 0.33
1445056 1043.0 1041 0.24
1451276 1052.0 1050 0.34
1457496 1061.0 1060 0.34
1462704 1069.0 1067 0.34
1468640 1078.0 1076 0.30
1474848 1087.0 1086 0.41
1481056 1096.0 1095 0.17
1487060 1105.0 1104 0.35
1493296 1114.0 1113 0.21
1499320 1123.0 1122 0.31
1505640 1133.0 1131 0.55
1511860 1142.0 1140 0.45
1517792 1151.0 1150 0.32
1524028 1161.0 1159 0.32
1530048 1170.0 1168 0.32
1536292 1179.0 1178 0.46
1542508 1189.0 1187 0.32
1548628 1198.0 1196 0.56
1554852 1208.0 1206 0.37
1560800 1217.0 1215 0.47
1567032 1227.0 1225 0.27
1573052 1236.0 1234 0.37
1579272 1246.0 1244 0.37
1585504 1256.0 1254 0.48
1590720 1264.0 1262 0.38
1596744 1274.0 1272 0.38
1602972 1284.0 1282 0.28
1608900 1293.0 1291 0.39
1615132 1304.0 1302 0.29
1621364 1314.0 1311 0.29
1627396 1323.0 1321 0.29
1633704 1334.0 1331 0.64
1639740 1343.0 1342 0.26
1645976 1354.0 1352 0.30
1651924 1364.0 1363 0.36
1658152 1374.0 1373 0.22
1664364 1384.0 1383 0.22
1670392 1394.0 1394 0.26
1676712 1405.0 1404 0.47
1682656 1415.0 1414 0.27
1688884 1425.0 1424 0.37
1694932 1436.0 1434 0.41
1701164 1446.0 1444 0.31
1707192 1456.0 1454 0.42
1713416 1467.0 1465 0.46
1718628 1476.0 1474 0.32
1724856 1487.0 1484 0.36
1730888 1497.0 1494 0.47
1737120 1508.0 1505 0.37
1743052 1518.0 1515 0.37
1749288 1529.0 1526 0.52
1755320 1540.0 1537 0.48
1761632 1551.0 1548 0.59
1767884 1562.0 1559 0.49
1773924 1572.0 1571 0.31
1780160 1584.0 1582 0.35
1786208 1594.0 1593 0.42
1792452 1605.0 1604 0.32
1798492 1616.0 1615 0.42
1804724 1628.0 1626 0.46
1810764 1638.0 1637 0.42
1817000 1650.0 1648 0.36
1822948 1661.0 1659 0.32
1829188 1672.0 1670 0.47
1835220 1683.0 1681 0.37
1841456 1695.0 1692 0.37
1846660 1704.0 1702 0.37
1852608 1715.0 1712 0.52
1858836 1727.0 1724 0.42
1864868 1738.0 1735 0.38
1871112 1750.0 1747 0.39
1877348 1761.0 1759 0.53
1883384 1773.0 1770 0.43
1889720 1784.0 1782 0.60
1895748 1796.0 1794 0.40
1901996 1808.0 1806 0.40
1908040 1819.0 1818 0.36
1914288 1831.0 1830 0.37
1920332 1843.0 1842 0.37
1926580 1855.0 1854 0.37
1932512 1866.0 1866 0.47
1938748 1879.0 1878 0.33
1944768 1890.0 1890 0.33
1951004 1902.0 1902 0.37
1957056 1914.0 1913 0.47
1963296 1926.0 1925 0.41
1969336 1938.0 1936 0.56
1974476 1948.0 1946 0.56
1980720 1961.0 1958 0.46
1986756 1973.0 1970 0.46
