# Motor 555 Worm Gearbox 1:54 

result_0p0400_0p2000_0p0002_2970_3000_4 = [
-195632 0.0 0 0.00
-189488 0.0 0 0.00
-183364 0.0 0 0.00
-177168 0.0 0 0.00
-171060 0.0 0 0.00
-164872 0.0 0 0.00
-158780 0.0 0 0.00
-152600 0.0 0 0.00
-146508 0.0 0 0.00
-140324 0.0 0 0.00
-134228 0.0 0 0.00
-128016 0.0 0 0.00
-121892 0.0 0 0.00
-115764 0.0 0 0.00
-109640 0.0 0 0.00
-103520 0.0 0 0.00
-97300 0.0 0 0.00
-91236 0.0 0 0.00
-85064 0.0 0 0.00
-78904 0.0 0 0.00
-73800 0.0 0 0.00
-67640 0.0 0 0.00
-61500 0.0 0 0.00
-55360 0.0 0 0.00
-49220 0.0 0 0.00
-43080 0.0 0 0.00
-36940 0.0 0 0.00
-30804 0.0 0 0.00
-24664 0.0 0 0.00
-18520 0.0 0 0.00
-12388 0.0 0 0.00
-6088 0.0 0 0.00
-60 0.0 0 0.00
6232 0.0 0 0.00
12332 0.0 0 0.00
18476 0.0 0 0.00
24608 0.0 0 0.00
30848 1.0 0 0.04
36952 1.0 0 0.04
42940 2.0 0 0.08
49196 3.0 0 0.13
54436 4.0 0 0.17
60460 5.0 0 0.22
66720 6.0 1 0.12
72636 7.0 1 0.27
78820 9.0 3 0.13
84996 10.0 5 0.14
91236 12.0 8 0.10
97340 13.0 10 0.07
103608 15.0 12 0.08
109696 17.0 14 0.08
115776 19.0 16 0.08
121772 21.0 18 0.23
128076 24.0 20 0.09
134160 26.0 22 0.28
140348 29.0 24 0.28
146392 31.0 26 0.15
152680 34.0 29 0.19
158760 37.0 32 0.20
164836 40.0 35 0.06
170932 43.0 38 0.17
177204 46.0 42 0.31
182208 49.0 45 0.18
188508 52.0 49 0.18
194596 56.0 52 0.05
200688 59.0 56 0.19
206764 63.0 59 0.20
213032 67.0 63 0.20
219084 71.0 66 0.20
225396 75.0 70 0.25
231368 79.0 74 0.26
237620 84.0 78 0.40
243660 88.0 83 0.27
249928 92.0 88 0.17
256004 97.0 93 0.10
262076 102.0 98 0.24
268220 107.0 103 0.25
274424 112.0 108 0.15
280620 117.0 113 0.16
286816 122.0 117 0.16
292800 127.0 122 0.35
298980 133.0 128 0.21
305136 138.0 133 0.26
310204 143.0 138 0.23
316372 149.0 144 0.23
322532 155.0 150 0.24
328692 161.0 156 0.24
334852 167.0 162 0.25
341024 173.0 169 0.26
347188 179.0 175 0.22
353440 186.0 181 0.37
359604 192.0 188 0.23
365480 199.0 195 0.14
371700 206.0 201 0.14
377868 213.0 208 0.29
384040 220.0 215 0.29
390212 227.0 221 0.34
396476 234.0 229 0.31
402368 241.0 236 0.35
408548 249.0 243 0.36
414736 256.0 251 0.22
420848 264.0 259 0.23
426976 272.0 267 0.24
433120 280.0 275 0.20
438408 286.0 282 0.31
444544 295.0 290 0.35
450672 303.0 298 0.36
456804 311.0 307 0.22
462948 320.0 315 0.37
469068 328.0 324 0.23
475208 337.0 332 0.28
481336 346.0 341 0.28
487376 354.0 349 0.29
493520 363.0 358 0.29
499660 373.0 367 0.30
505804 382.0 377 0.31
511968 391.0 386 0.21
518132 401.0 396 0.32
524392 410.0 405 0.53
530564 420.0 416 0.29
536720 430.0 426 0.30
542888 440.0 437 0.16
549044 450.0 446 0.31
554924 460.0 457 0.31
561156 470.0 466 0.21
566188 479.0 474 0.42
572360 489.0 484 0.36
578528 500.0 494 0.37
584696 511.0 505 0.41
590832 521.0 515 0.46
596972 532.0 526 0.33
603112 543.0 537 0.34
609356 555.0 549 0.55
615500 566.0 561 0.31
621648 577.0 573 0.28
627796 589.0 585 0.28
633944 600.0 597 0.25
640104 612.0 609 0.25
646252 624.0 621 0.25
652400 636.0 633 0.26
658556 648.0 644 0.40
664692 660.0 656 0.31
670840 672.0 668 0.31
676980 685.0 680 0.36
683120 697.0 692 0.36
689264 710.0 704 0.51
694368 721.0 714 0.76
700528 733.0 728 0.38
706680 746.0 742 0.25
712852 760.0 756 0.25
719016 773.0 769 0.36
725184 786.0 783 0.22
731060 799.0 797 0.32
737360 813.0 809 0.67
743512 826.0 823 0.23
749684 840.0 836 0.38
755844 854.0 850 0.28
762008 868.0 863 0.43
768152 882.0 877 0.44
774312 896.0 891 0.34
780476 911.0 905 0.39
786344 925.0 919 0.39
792504 939.0 933 0.40
798664 954.0 948 0.55
804832 969.0 963 0.42
810992 984.0 978 0.32
817168 999.0 993 0.43
822216 1011.0 1006 0.50
828340 1026.0 1021 0.40
834564 1042.0 1036 0.45
840796 1058.0 1052 0.45
846824 1073.0 1067 0.36
853072 1089.0 1083 0.47
859100 1104.0 1099 0.34
865436 1120.0 1115 0.74
871496 1136.0 1132 0.31
877748 1152.0 1149 0.27
883816 1168.0 1166 0.34
889784 1185.0 1183 0.34
896104 1201.0 1199 0.30
902136 1218.0 1214 0.38
908468 1235.0 1230 0.67
914520 1251.0 1246 0.48
920768 1268.0 1262 0.52
926816 1285.0 1279 0.43
933056 1303.0 1296 0.48
939096 1320.0 1313 0.49
945064 1337.0 1330 0.59
950208 1351.0 1345 0.60
956472 1369.0 1363 0.36
962532 1387.0 1381 0.37
968804 1405.0 1400 0.44
974876 1422.0 1418 0.44
980952 1440.0 1437 0.51
987228 1459.0 1456 0.37
993192 1476.0 1473 0.38
999380 1495.0 1492 0.48
1005556 1513.0 1511 0.34
1011784 1531.0 1530 0.20
1017984 1550.0 1549 0.35
1024200 1568.0 1567 0.21
1030112 1586.0 1585 0.31
1036420 1604.0 1603 0.61
1042612 1623.0 1621 0.35
1048800 1641.0 1640 0.31
1055004 1659.0 1658 0.32
1060916 1677.0 1676 0.32
1067120 1695.0 1694 0.42
1073316 1714.0 1712 0.36
1078228 1729.0 1726 0.50
1084396 1747.0 1744 0.51
1090568 1765.0 1762 0.51
1096744 1784.0 1780 0.45
1102912 1802.0 1798 0.32
1109096 1820.0 1817 0.42
1115276 1839.0 1835 0.33
1121544 1857.0 1854 0.73
1127348 1875.0 1873 0.53
1133576 1893.0 1891 0.49
1139752 1911.0 1909 0.44
1145928 1930.0 1927 0.44
1152100 1948.0 1945 0.44
1158280 1966.0 1964 0.35
1164540 1985.0 1982 0.75
1170712 2003.0 2001 0.41
1176512 2021.0 2020 0.38
1182700 2039.0 2038 0.34
1188864 2057.0 2056 0.48
1195016 2076.0 2074 0.42
1201168 2094.0 2092 0.42
1206432 2109.0 2107 0.42
1212580 2127.0 2125 0.43
1218736 2146.0 2143 0.47
1224884 2164.0 2162 0.43
1231032 2182.0 2180 0.43
1237188 2201.0 2199 0.34
1243340 2219.0 2217 0.44
1249504 2237.0 2236 0.30
1255656 2255.0 2254 0.40
1261816 2274.0 2273 0.30
1267964 2292.0 2291 0.40
1274128 2310.0 2309 0.41
1280288 2329.0 2328 0.31
1286436 2347.0 2346 0.41
1292552 2365.0 2365 0.27
1298656 2383.0 2383 0.37
1304756 2401.0 2401 0.37
1310872 2419.0 2419 0.37
1317012 2438.0 2437 0.41
1323180 2456.0 2455 0.41
1329336 2474.0 2473 0.41
1334228 2489.0 2488 0.51
1340348 2507.0 2506 0.37
1346484 2525.0 2525 0.41
1352632 2544.0 2543 0.42
1358772 2562.0 2561 0.52
1365184 2581.0 2580 0.38
1371300 2599.0 2598 0.28
1377456 2617.0 2617 0.68
1383540 2635.0 2635 0.38
1389648 2653.0 2654 0.34
1395660 2671.0 2672 0.38
1401800 2690.0 2690 0.48
1408180 2709.0 2708 0.38
1414304 2727.0 2725 0.56
1420528 2745.0 2743 0.76
1426656 2763.0 2761 0.46
1432796 2781.0 2780 0.33
1438944 2800.0 2799 0.33
1445072 2818.0 2818 0.29
1451156 2836.0 2836 0.39
1457304 2854.0 2855 0.35
1462556 2870.0 2871 0.65
1468708 2888.0 2889 0.35
1474468 2906.0 2907 0.44
1480644 2924.0 2925 0.44
1487000 2943.0 2942 0.38
1493136 2961.0 2959 0.42
1499272 2979.0 2977 0.47
1505504 2997.0 2994 0.81
1511656 3016.0 3013 0.42
1517812 3034.0 3033 0.24
1523964 3052.0 3052 0.30
1530104 3071.0 3071 0.40
1536240 3089.0 3090 0.36
1542400 3107.0 3109 0.32
1548560 3125.0 3128 0.17
1554340 3143.0 3146 0.23
1560528 3161.0 3164 0.37
1566676 3179.0 3181 0.40
1572800 3198.0 3198 0.48
1579192 3217.0 3216 0.42
1585332 3235.0 3233 0.56
1590212 3249.0 3247 0.67
1596372 3268.0 3265 0.61
1602528 3286.0 3284 0.47
1608676 3304.0 3302 0.47
1614832 3322.0 3321 0.58
1620992 3341.0 3340 0.44
1627132 3359.0 3359 0.30
1633348 3377.0 3378 0.66
1639512 3395.0 3397 0.31
1645676 3414.0 3416 0.31
1651832 3432.0 3435 0.27
1657988 3450.0 3454 0.23
1664132 3469.0 3472 0.26
1670284 3487.0 3490 0.36
1676432 3505.0 3508 0.35
1682576 3523.0 3526 0.25
1688716 3542.0 3543 0.43
1694856 3560.0 3561 0.43
1700948 3578.0 3578 0.47
1707072 3596.0 3595 0.51
1713112 3614.0 3613 0.31
1718384 3630.0 3628 0.45
1724508 3648.0 3645 0.59
1730640 3666.0 3663 0.60
1736768 3684.0 3681 0.60
1742908 3703.0 3700 0.50
1748948 3721.0 3718 0.37
1755092 3739.0 3737 0.47
1761344 3757.0 3755 0.87
1767496 3776.0 3775 0.43
1773644 3794.0 3794 0.49
1779792 3812.0 3814 0.31
1785952 3830.0 3833 0.37
1792112 3849.0 3853 0.22
1798268 3867.0 3871 0.22
1804416 3885.0 3890 0.17
1810552 3903.0 3908 0.17
1816700 3922.0 3926 0.30
1822836 3940.0 3944 0.20
1828964 3958.0 3961 0.33
1835104 3976.0 3978 0.37
1841240 3995.0 3996 0.31
1846464 4010.0 4010 0.75
1852568 4028.0 4028 0.25
1858684 4046.0 4045 0.49
1864824 4065.0 4063 0.53
1870960 4083.0 4081 0.53
1877092 4101.0 4099 0.44
1883224 4119.0 4117 0.54
1889360 4137.0 4135 0.54
1895488 4156.0 4153 0.59
1901628 4174.0 4172 0.45
1907764 4192.0 4190 0.55
1913820 4210.0 4209 0.45
1919988 4229.0 4227 0.45
