result_0p0020_0p0060_0p0000_2000_2 = [
-195560 0.0 0 0.00
-189444 0.0 0 0.00
-183264 0.0 0 0.00
-177188 0.0 0 0.00
-171028 0.0 0 0.00
-164880 0.0 0 0.00
-158736 0.0 0 0.00
-152596 0.0 0 0.00
-146452 0.0 0 0.00
-140308 0.0 0 0.00
-134160 0.0 0 0.00
-128056 0.0 0 0.00
-121856 0.0 0 0.00
-115740 0.0 0 0.00
-109544 0.0 0 0.00
-103432 0.0 0 0.00
-97316 0.0 0 0.00
-91176 0.0 0 0.00
-85028 0.0 0 0.00
-78888 0.0 0 0.00
-73652 0.0 0 0.00
-67576 0.0 0 0.00
-61456 0.0 0 0.00
-55336 0.0 0 0.00
-49136 0.0 0 0.00
-43016 0.0 0 0.00
-36900 0.0 0 0.00
-30640 0.0 0 0.00
-24580 0.0 0 0.00
-18460 0.0 0 0.00
-12200 0.0 0 0.00
-6140 0.0 0 0.00
68 0.0 0 0.00
6244 10.0 0 0.02
12276 22.0 0 0.04
18480 35.0 0 0.07
24536 47.0 0 0.09
30696 59.0 0 0.12
36900 71.0 0 0.15
42996 84.0 0 0.17
49156 96.0 1 0.20
54232 106.0 1 0.22
60440 118.0 3 0.25
66604 131.0 5 0.27
72652 143.0 8 0.30
78808 155.0 11 0.32
85024 168.0 15 0.34
91112 180.0 19 0.36
97404 192.0 25 0.39
103504 204.0 31 0.40
109564 217.0 37 0.42
115724 229.0 44 0.44
121884 241.0 51 0.46
128044 254.0 59 0.47
134172 266.0 67 0.49
140392 278.0 76 0.50
146524 290.0 85 0.52
152672 303.0 95 0.53
158816 315.0 105 0.54
164852 327.0 116 0.55
171056 340.0 127 0.56
177156 352.0 139 0.57
182396 362.0 148 0.58
188500 374.0 160 0.59
194504 387.0 172 0.59
200724 399.0 185 0.60
206820 411.0 197 0.60
213036 424.0 211 0.61
219156 436.0 224 0.62
225268 448.0 238 0.62
231380 460.0 252 0.63
237600 473.0 266 0.63
243728 485.0 280 0.63
249848 497.0 295 0.64
255964 509.0 309 0.64
262152 522.0 324 0.64
268416 534.0 339 0.65
274432 546.0 355 0.65
280632 559.0 369 0.65
286720 571.0 385 0.65
292820 583.0 401 0.64
299008 596.0 416 0.65
305216 608.0 432 0.65
310252 618.0 445 0.65
316460 630.0 461 0.64
322560 643.0 477 0.64
328748 655.0 493 0.64
334852 667.0 509 0.64
341040 680.0 527 0.64
347116 692.0 543 0.63
353372 704.0 559 0.63
359380 716.0 575 0.63
365564 729.0 592 0.62
371760 741.0 609 0.62
377840 753.0 625 0.61
384020 766.0 641 0.61
390100 778.0 659 0.61
396288 790.0 675 0.60
402472 802.0 692 0.60
408556 815.0 708 0.59
414732 827.0 725 0.59
420920 839.0 741 0.58
427004 852.0 759 0.58
433188 864.0 775 0.57
438228 874.0 789 0.57
444412 886.0 805 0.56
450516 899.0 822 0.56
456712 911.0 839 0.55
462804 923.0 855 0.54
468992 936.0 872 0.54
475196 948.0 888 0.53
481272 960.0 905 0.52
487452 972.0 921 0.52
493536 985.0 937 0.51
499728 997.0 953 0.51
505860 1009.0 969 0.50
512012 1022.0 986 0.49
518104 1034.0 1002 0.49
524248 1046.0 1018 0.48
530400 1058.0 1034 0.47
536548 1071.0 1050 0.47
542684 1083.0 1065 0.46
548832 1095.0 1081 0.45
554988 1108.0 1097 0.45
561152 1120.0 1113 0.44
566284 1130.0 1125 0.44
572420 1142.0 1141 0.43
578536 1155.0 1157 0.42
584696 1167.0 1172 0.42
590848 1179.0 1187 0.41
597008 1192.0 1203 0.41
603152 1204.0 1217 0.40
609376 1216.0 1232 0.39
615520 1228.0 1247 0.39
621656 1241.0 1261 0.38
627796 1253.0 1276 0.38
633860 1265.0 1291 0.37
639992 1278.0 1305 0.37
646132 1290.0 1319 0.36
652256 1302.0 1333 0.36
658388 1314.0 1347 0.35
664612 1327.0 1361 0.35
670740 1339.0 1375 0.35
676864 1351.0 1388 0.34
682980 1364.0 1401 0.34
689108 1376.0 1415 0.33
694380 1386.0 1427 0.33
700412 1398.0 1439 0.33
706548 1411.0 1452 0.32
712756 1423.0 1465 0.32
718884 1435.0 1479 0.32
724992 1448.0 1491 0.32
731112 1460.0 1503 0.32
737224 1472.0 1516 0.31
743464 1484.0 1528 0.31
749576 1497.0 1541 0.31
755680 1509.0 1553 0.31
761892 1521.0 1565 0.31
768016 1534.0 1577 0.31
774128 1546.0 1589 0.30
780408 1558.0 1601 0.30
786424 1570.0 1612 0.30
792628 1583.0 1624 0.30
798732 1595.0 1635 0.30
804844 1607.0 1647 0.30
811040 1620.0 1658 0.31
817144 1632.0 1669 0.31
822400 1642.0 1679 0.30
828408 1654.0 1689 0.31
834620 1667.0 1700 0.31
840712 1679.0 1711 0.31
846812 1691.0 1722 0.31
853020 1704.0 1733 0.32
859128 1716.0 1743 0.32
865224 1728.0 1753 0.32
871428 1740.0 1764 0.32
877524 1753.0 1775 0.33
883736 1765.0 1785 0.33
889844 1777.0 1796 0.33
895956 1789.0 1807 0.33
902156 1802.0 1817 0.34
908256 1814.0 1827 0.34
914452 1826.0 1837 0.34
920552 1839.0 1847 0.35
926748 1851.0 1857 0.35
932860 1863.0 1868 0.35
938976 1875.0 1877 0.36
945172 1888.0 1888 0.36
950236 1898.0 1897 0.37
956456 1910.0 1907 0.37
962560 1923.0 1917 0.38
968672 1935.0 1927 0.38
974884 1947.0 1937 0.38
980980 1960.0 1948 0.39
987080 1972.0 1959 0.39
993372 1984.0 1969 0.40
999380 1996.0 1979 0.40
1005584 2009.0 1989 0.41
1011740 2021.0 2000 0.41
1017892 2033.0 2011 0.41
1024036 2046.0 2021 0.42
1030128 2058.0 2032 0.42
1036388 2070.0 2043 0.43
1042388 2082.0 2053 0.43
1048560 2095.0 2065 0.43
1054752 2107.0 2076 0.44
1060840 2119.0 2087 0.44
1067032 2132.0 2098 0.45
1073120 2144.0 2109 0.45
1078372 2154.0 2119 0.45
1084376 2166.0 2129 0.45
1090564 2179.0 2141 0.46
1096664 2191.0 2153 0.46
1102860 2203.0 2165 0.46
1108948 2215.0 2176 0.46
1115152 2228.0 2188 0.47
1121252 2240.0 2200 0.47
1127448 2252.0 2212 0.47
1133540 2265.0 2223 0.48
1139740 2277.0 2236 0.48
1145824 2289.0 2248 0.48
1152016 2302.0 2260 0.48
1158112 2314.0 2272 0.48
1164384 2326.0 2285 0.48
1170400 2338.0 2297 0.48
1176588 2351.0 2309 0.48
1182704 2363.0 2323 0.49
1188900 2375.0 2335 0.49
1195004 2388.0 2347 0.49
1201208 2400.0 2360 0.49
1206368 2410.0 2371 0.49
1212396 2422.0 2384 0.49
1218604 2435.0 2397 0.49
1224716 2447.0 2409 0.49
1230808 2459.0 2423 0.49
1237016 2472.0 2436 0.49
1243120 2484.0 2449 0.49
1249244 2496.0 2463 0.49
1255460 2508.0 2475 0.49
1261564 2521.0 2489 0.49
1267684 2533.0 2502 0.48
1273888 2545.0 2515 0.48
1279996 2558.0 2529 0.48
1286120 2570.0 2542 0.48
1292408 2582.0 2556 0.48
1298524 2594.0 2569 0.48
1304556 2607.0 2583 0.48
1310664 2619.0 2596 0.48
1316876 2631.0 2609 0.47
1322984 2644.0 2623 0.47
1329196 2656.0 2637 0.47
1334372 2666.0 2648 0.47
1340404 2678.0 2661 0.47
1346536 2691.0 2675 0.47
1352660 2703.0 2688 0.46
1358880 2715.0 2702 0.46
1364980 2728.0 2715 0.46
1371104 2740.0 2729 0.46
1377412 2752.0 2743 0.45
1383532 2764.0 2756 0.45
1389560 2777.0 2769 0.45
1395696 2789.0 2783 0.45
1401820 2801.0 2796 0.44
1408056 2814.0 2810 0.44
1414168 2826.0 2823 0.44
1420384 2838.0 2837 0.44
1426420 2850.0 2851 0.44
1432588 2863.0 2864 0.44
1438720 2875.0 2877 0.43
1444856 2887.0 2891 0.43
1450972 2899.0 2903 0.43
1457188 2912.0 2917 0.43
1462384 2922.0 2928 0.42
1468404 2934.0 2941 0.42
1474544 2947.0 2955 0.42
1480660 2959.0 2967 0.42
1486876 2971.0 2981 0.42
1493012 2984.0 2993 0.41
1499120 2996.0 3007 0.41
1505236 3008.0 3020 0.41
1511464 3020.0 3033 0.41
1517584 3033.0 3046 0.41
1523696 3045.0 3059 0.40
1529816 3057.0 3071 0.40
1536024 3070.0 3084 0.40
1542124 3082.0 3097 0.40
1548420 3094.0 3111 0.40
1554432 3106.0 3123 0.40
1560536 3119.0 3135 0.40
1566756 3131.0 3148 0.39
1572868 3143.0 3161 0.39
1578976 3155.0 3173 0.39
1585204 3168.0 3185 0.39
1590376 3178.0 3196 0.39
1596396 3190.0 3209 0.39
1602604 3203.0 3221 0.39
1608700 3215.0 3233 0.39
1614828 3227.0 3245 0.39
1620936 3239.0 3258 0.39
1627156 3252.0 3271 0.39
1633260 3264.0 3283 0.38
1639468 3276.0 3295 0.38
1645576 3289.0 3307 0.38
1651684 3301.0 3319 0.38
1657892 3313.0 3331 0.38
1663996 3326.0 3343 0.38
1670100 3338.0 3355 0.38
1676400 3350.0 3367 0.38
1682408 3362.0 3379 0.38
1688608 3375.0 3391 0.38
1694716 3387.0 3403 0.38
1700808 3399.0 3415 0.38
1707020 3412.0 3427 0.38
1713120 3424.0 3439 0.38
1718380 3434.0 3448 0.39
1724396 3446.0 3460 0.38
1730504 3459.0 3472 0.38
1736708 3471.0 3484 0.38
1742804 3483.0 3495 0.39
1749012 3496.0 3507 0.39
1755120 3508.0 3519 0.39
1761224 3520.0 3531 0.39
1767444 3532.0 3543 0.39
1773524 3545.0 3553 0.39
1779740 3557.0 3565 0.39
1785848 3569.0 3577 0.39
1791944 3581.0 3589 0.39
1798156 3594.0 3601 0.39
1804264 3606.0 3612 0.39
1810484 3619.0 3624 0.40
1816584 3631.0 3635 0.40
1822696 3643.0 3647 0.40
1828904 3655.0 3659 0.40
1835024 3668.0 3671 0.40
1841124 3680.0 3681 0.40
1846416 3690.0 3691 0.41
1852528 3702.0 3703 0.41
1858672 3715.0 3715 0.41
1864816 3727.0 3727 0.41
1870984 3739.0 3738 0.41
1877096 3752.0 3749 0.41
1883120 3764.0 3761 0.41
