result_00 = [
-100 -4122.00
-98 -3962.00
-96 -3866.00
-94 -3781.00
-92 -3704.00
-90 -3637.00
-88 -3573.00
-86 -3525.00
-84 -3474.00
-82 -3430.00
-80 -3378.00
-78 -3334.00
-76 -3290.00
-74 -3248.00
-72 -3203.00
-70 -3149.00
-68 -3098.00
-66 -3047.00
-64 -2990.00
-62 -2930.00
-60 -2858.00
-58 -2781.00
-56 -2710.00
-54 -2634.00
-52 -2550.00
-50 -2469.00
-48 -2382.00
-46 -2287.00
-44 -2190.00
-42 -2078.00
-40 -1951.00
-38 -1835.00
-36 -1718.00
-34 -1598.00
-32 -1472.00
-30 -1340.00
-28 -1202.00
-26 -1065.00
-24 -922.00
-22 -776.00
-20 -600.00
-18 -452.00
-16 -306.00
-14 -167.00
-12 0.00
-10 0.00
-8 0.00
-6 0.00
-4 0.00
-2 0.00
0 0.00
2 0.00
4 0.00
6 0.00
8 0.00
10 0.00
12 0.00
14 0.00
16 270.00
18 404.00
20 548.00
22 719.00
24 872.00
26 1016.00
28 1148.00
30 1284.00
32 1405.00
34 1514.00
36 1634.00
38 1763.00
40 1870.00
42 2000.00
44 2101.00
46 2196.00
48 2297.00
50 2390.00
52 2471.00
54 2552.00
56 2640.00
58 2716.00
60 2786.00
62 2872.00
64 2928.00
66 2986.00
68 3049.00
70 3096.00
72 3142.00
74 3200.00
76 3254.00
78 3310.00
80 3349.00
82 3422.00
84 3471.00
86 3526.00
88 3592.00
90 3669.00
92 3752.00
94 3820.00
96 3901.00
98 4008.00
] % result_00
result_15 = [
-100 -4127.00
-98 -3984.00
-96 -3887.00
-94 -3797.00
-92 -3722.00
-90 -3668.00
-88 -3600.00
-86 -3543.00
-84 -3487.00
-82 -3440.00
-80 -3398.00
-78 -3364.00
-76 -3322.00
-74 -3280.00
-72 -3237.00
-70 -3200.00
-68 -3152.00
-66 -3107.00
-64 -3050.00
-62 -2985.00
-60 -2930.00
-58 -2877.00
-56 -2814.00
-54 -2744.00
-52 -2676.00
-50 -2616.00
-48 -2530.00
-46 -2449.00
-44 -2365.00
-42 -2269.00
-40 -2176.00
-38 -2089.00
-36 -1988.00
-34 -1867.00
-32 -1753.00
-30 -1635.00
-28 -1517.00
-26 -1368.00
-24 -1245.00
-22 -1089.00
-20 -941.00
-18 -839.00
-16 -666.00
-14 -527.00
-12 -381.00
-10 -269.00
-8 -146.00
-6 0.00
-4 0.00
-2 0.00
0 0.00
2 0.00
4 0.00
6 0.00
8 0.00
10 242.00
12 351.00
14 492.00
16 631.00
18 770.00
20 881.00
22 1033.00
24 1157.00
26 1304.00
28 1432.00
30 1518.00
32 1650.00
34 1759.00
36 1874.00
38 1968.00
40 2076.00
42 2192.00
44 2289.00
46 2371.00
48 2466.00
50 2522.00
52 2600.00
54 2687.00
56 2760.00
58 2802.00
60 2859.00
62 2920.00
64 2982.00
66 3048.00
68 3105.00
70 3160.00
72 3201.00
74 3251.00
76 3308.00
78 3341.00
80 3382.00
82 3439.00
84 3508.00
86 3564.00
88 3648.00
90 3711.00
92 3783.00
94 3852.00
96 3918.00
98 4011.00
] % result_15
result_30 = [
-100 -4126.00
-98 -3992.00
-96 -3914.00
-94 -3820.00
-92 -3737.00
-90 -3686.00
-88 -3624.00
-86 -3562.00
-84 -3518.00
-82 -3473.00
-80 -3438.00
-78 -3406.00
-76 -3370.00
-74 -3324.00
-72 -3284.00
-70 -3240.00
-68 -3204.00
-66 -3152.00
-64 -3111.00
-62 -3060.00
-60 -3003.00
-58 -2960.00
-56 -2912.00
-54 -2846.00
-52 -2793.00
-50 -2724.00
-48 -2665.00
-46 -2585.00
-44 -2512.00
-42 -2424.00
-40 -2334.00
-38 -2264.00
-36 -2184.00
-34 -2082.00
-32 -1998.00
-30 -1885.00
-28 -1776.00
-26 -1653.00
-24 -1543.00
-22 -1416.00
-20 -1320.00
-18 -1176.00
-16 -1047.00
-14 -890.00
-12 -779.00
-10 -640.00
-8 -516.00
-6 -380.00
-4 -276.00
-2 -134.00
0 0.00
2 0.00
4 0.00
6 336.00
8 485.00
10 599.00
12 741.00
14 860.00
16 995.00
18 1118.00
20 1255.00
22 1375.00
24 1507.00
26 1605.00
28 1724.00
30 1816.00
32 1924.00
34 1992.00
36 2103.00
38 2190.00
40 2288.00
42 2381.00
44 2471.00
46 2533.00
48 2608.00
50 2674.00
52 2751.00
54 2810.00
56 2876.00
58 2921.00
60 2970.00
62 3020.00
64 3089.00
66 3125.00
68 3188.00
70 3234.00
72 3292.00
74 3330.00
76 3363.00
78 3401.00
80 3442.00
82 3495.00
84 3562.00
86 3613.00
88 3676.00
90 3739.00
92 3784.00
94 3870.00
96 3960.00
98 4055.00
] % result_30