result_0030 = [
-100 -3922.00
-95 -3930.00
-90 -3907.00
-85 -3899.00
-80 -3879.00
-75 -3850.00
-70 -3818.00
-65 -3782.00
-60 -3746.00
-55 -3701.00
-50 -3634.00
-45 -3566.00
-40 -3464.00
-35 -3351.00
-30 -3190.00
-25 -2990.00
-20 -2671.00
-15 -2191.00
-10 -1428.00
-5 -368.00
0 0.00
5 0.00
10 1260.00
15 2024.00
20 2574.00
25 2942.00
30 3181.00
35 3356.00
40 3492.00
45 3595.00
50 3676.00
55 3724.00
60 3783.00
65 3814.00
70 3840.00
75 3879.00
80 3909.00
85 3926.00
90 3963.00
95 3970.00
] % result_0030
result_0122 = [
-100 -3851.00
-95 -3834.00
-90 -3807.00
-85 -3784.00
-80 -3748.00
-75 -3677.00
-70 -3676.00
-65 -3603.00
-60 -3543.00
-55 -3452.00
-50 -3350.00
-45 -3223.00
-40 -3060.00
-35 -2861.00
-30 -2598.00
-25 -2268.00
-20 -1827.00
-15 -1208.00
-10 -596.00
-5 0.00
0 0.00
5 0.00
10 0.00
15 1135.00
20 1681.00
25 2124.00
30 2474.00
35 2759.00
40 2942.00
45 3168.00
50 3310.00
55 3436.00
60 3545.00
65 3612.00
70 3664.00
75 3676.00
80 3760.00
85 3809.00
90 3847.00
95 3862.00
] % result_0122
result_0490 = [
-100 -3518.00
-95 -3474.00
-90 -3414.00
-85 -3349.00
-80 -3271.00
-75 -3187.00
-70 -3092.00
-65 -2941.00
-60 -2941.00
-55 -2688.00
-50 -2497.00
-45 -2289.00
-40 -2043.00
-35 -1732.00
-30 -1410.00
-25 -1084.00
-20 -736.00
-15 -392.00
-10 0.00
-5 0.00
0 0.00
5 0.00
10 0.00
15 0.00
20 709.00
25 1046.00
30 1373.00
35 1676.00
40 1951.00
45 2196.00
50 2400.00
55 2592.00
60 2754.00
65 2937.00
70 2940.00
75 3142.00
80 3252.00
85 3341.00
90 3369.00
95 3454.00
] % result_0490
result_3912 = [
-100 -1770.00
-95 -1682.00
-90 -1573.00
-85 -1464.00
-80 -1346.00
-75 -1224.00
-70 -1098.00
-65 -970.00
-60 -836.00
-55 -701.00
-50 -566.00
-45 -427.00
-40 -294.00
-35 -162.00
-30 0.00
-25 0.00
-20 0.00
-15 0.00
-10 0.00
-5 0.00
0 0.00
5 0.00
10 0.00
15 0.00
20 0.00
25 0.00
30 0.00
35 156.00
40 300.00
45 439.00
50 586.00
55 731.00
60 872.00
65 1009.00
70 1138.00
75 1280.00
80 1406.00
85 1537.00
90 1658.00
95 1768.00
] % result_3912