result = [
2 0.21 
3 0.32
4 0.44
5 0.55
6 0.67
7 0.79
8 0.90
9 1.02
10 1.14
11 1.26
12 1.37
13 1.49
]