result_0030 = [
0 0.00
5 397.00
10 1459.00
15 2206.00
20 2747.00
25 3059.00
30 3286.00
35 3429.00
40 3549.00
45 3662.00
50 3732.00
55 3792.00
60 3834.00
65 3860.00
70 3905.00
75 3928.00
80 3972.00
85 3979.00
90 4000.00
95 4017.00
100 4036.00
105 4047.00
110 4064.00
115 4088.00
120 4102.00
125 4113.00
130 4111.00
135 4112.00
140 4123.00
145 4134.00
150 4139.00
155 4141.00
160 4144.00
165 4149.00
170 4155.00
175 4162.00
180 4166.00
185 4169.00
190 4178.00
195 4164.00
200 4168.00
205 4171.00
210 4184.00
215 4186.00
220 4186.00
225 4188.00
230 4198.00
235 4194.00
240 4197.00
245 4202.00
250 4206.00
] % result_0030
result_0122 = [
0 0.00
5 4.00
10 0.00
15 1359.00
20 1894.00
25 2324.00
30 2666.00
35 2942.00
40 3138.00
45 3291.00
50 3412.00
55 3530.00
60 3619.00
65 3677.00
70 3730.00
75 3776.00
80 3811.00
85 3854.00
90 3888.00
95 3916.00
100 3943.00
105 3958.00
110 3979.00
115 4002.00
120 4013.00
125 4032.00
130 4040.00
135 4052.00
140 4070.00
145 4083.00
150 4093.00
155 4101.00
160 4104.00
165 4116.00
170 4119.00
175 4122.00
180 4134.00
185 4140.00
190 4138.00
195 4152.00
200 4157.00
205 4156.00
210 4168.00
215 4174.00
220 4178.00
225 4180.00
230 4186.00
235 4186.00
240 4195.00
245 4199.00
250 4199.00
] % result_0122
result_0490 = [
0 0.00
5 0.00
10 0.00
15 0.00
20 880.00
25 1250.00
30 1564.00
35 1874.00
40 2142.00
45 2369.00
50 2569.00
55 2748.00
60 2942.00
65 2941.00
70 3142.00
75 3246.00
80 3346.00
85 3424.00
90 3505.00
95 3547.00
100 3604.00
105 3664.00
110 3684.00
115 3744.00
120 3776.00
125 3811.00
130 3837.00
135 3865.00
140 3889.00
145 3908.00
150 3926.00
155 3950.00
160 3970.00
165 3987.00
170 4003.00
175 4014.00
180 4028.00
185 4038.00
190 4051.00
195 4067.00
200 4072.00
205 4077.00
210 4091.00
215 4105.00
220 4116.00
225 4119.00
230 4128.00
235 4129.00
240 4136.00
245 4150.00
250 4159.00
] % result_0490
result_3912 = [
0 0.00
5 0.00
10 0.00
15 0.00
20 0.00
25 0.00
30 0.00
35 212.00
40 356.00
45 508.00
50 665.00
55 815.00
60 966.00
65 1118.00
70 1262.00
75 1406.00
80 1540.00
85 1671.00
90 1795.00
95 1916.00
100 2029.00
105 2133.00
110 2239.00
115 2336.00
120 2433.00
125 2510.00
130 2613.00
135 2684.00
140 2764.00
145 2842.00
150 2905.00
155 2957.00
160 3027.00
165 3079.00
170 3141.00
175 3186.00
180 3250.00
185 3306.00
190 3351.00
195 3382.00
200 3421.00
205 3473.00
210 3517.00
215 3550.00
220 3603.00
225 3670.00
230 3727.00
235 3802.00
240 3886.00
245 3967.00
250 4067.00
] % result_3912