result_00 = [
-4000.00 -4000.9467 -0.9759
-3500.00 -3512.8789 -0.7878
-3000.00 -3018.9389 -0.6102
-2500.00 -2486.7421 -0.4854
-2000.00 -1986.9320 -0.3823
-1500.00 -1479.9244 -0.3005
-1000.00 -998.2954 -0.2345
-500.00 -502.0836 -0.1702
0.00 0.0000 0.0530
500.00 486.3637 0.1774
1000.00 1000.0002 0.2462
1500.00 1477.2727 0.3152
2000.00 2009.0908 0.4024
2500.00 2499.9997 0.4973
3000.00 3018.5603 0.6314
3500.00 3504.5456 0.7905
] % result_00
result_30 = [
-4000.00 -4012.5000 -0.9715
-3750.00 -3760.2285 -0.8648
-3500.00 -3503.2202 -0.7710
-3250.00 -3226.8930 -0.6698
-3000.00 -2975.9467 -0.5610
-2750.00 -2726.8940 -0.4720
-2500.00 -2462.1210 -0.4112
-2250.00 -2222.3481 -0.3557
-2000.00 -1968.3714 -0.3006
-1750.00 -1736.3640 -0.2584
-1500.00 -1490.9091 -0.2158
-1250.00 -1254.5455 -0.1716
-1000.00 -1020.4545 -0.1344
-750.00 -759.8486 -0.1042
-500.00 -496.9698 -0.0740
-250.00 -248.8637 -0.0366
0.00 0.0000 0.0106
250.00 258.1440 0.0457
500.00 509.4698 0.0732
750.00 744.5078 0.1141
1000.00 997.9169 0.1523
1250.00 1242.8029 0.1910
1500.00 1501.3259 0.2295
1750.00 1738.6364 0.2768
2000.00 2036.3636 0.3292
2250.00 2270.4543 0.3792
2500.00 2522.7270 0.4346
2750.00 2775.7578 0.5008
3000.00 3012.1215 0.5817
3250.00 3256.6284 0.6719
3500.00 3511.9321 0.7520
3750.00 3731.6284 0.8425
] % result_30