result_0p0400_0p2000_0p0002_3000_8000_12000 = [
-195708 0 0 0.00
-189580 0 0 0.00
-183468 0 0 0.00
-177288 0 0 0.00
-171104 0 0 0.00
-165020 0 0 0.00
-158852 0 0 0.00
-152624 0 0 0.00
-146608 0 0 0.00
-140440 0 0 0.00
-134268 0 0 0.00
-128160 0 0 0.00
-121900 0 0 0.00
-115852 0 0 0.00
-109744 0 0 0.00
-103484 0 0 0.00
-97436 0 0 0.00
-91288 0 0 0.00
-85140 0 0 0.00
-78992 0 0 0.00
-73860 0 0 0.00
-67716 0 0 0.00
-61592 0 0 0.00
-55464 0 0 0.00
-49188 0 0 0.00
-43064 0 0 0.00
-37000 0 0 0.00
-30876 0 0 0.00
-24748 0 0 0.00
-18472 0 0 0.00
-12348 0 0 0.00
-6280 0 0 0.00
-52 0 0 0.00
6112 0 0 0.00
12340 0 0 0.00
18476 1 0 0.04
24416 2 0 0.04
30592 3 0 0.12
36768 5 0 0.17
42940 7 0 0.26
48964 9 2 0.26
54088 11 3 0.35
60380 14 6 0.40
66452 17 8 0.27
72604 20 12 0.32
78800 24 15 0.29
84988 28 19 0.44
90964 32 23 0.45
97144 37 28 0.36
103320 42 33 0.27
109540 47 38 0.24
115564 52 44 0.25
121784 58 50 0.30
128004 64 55 0.31
134000 70 60 0.36
140296 77 66 0.62
146516 84 74 0.29
152448 91 80 0.44
158676 99 88 0.35
164704 107 96 0.37
170972 115 104 0.52
177108 124 112 0.39
182124 131 120 0.54
188440 140 128 0.46
194528 150 138 0.57
200640 159 148 0.49
206740 169 158 0.40
212836 179 168 0.51
219148 190 178 0.63
225348 201 190 0.51
231452 212 200 0.46
237580 224 211 0.62
243700 235 223 0.49
249820 247 234 0.65
255996 260 246 0.70
261956 272 259 0.57
268360 286 272 0.83
274472 299 284 0.69
280580 312 298 0.67
286716 326 312 0.68
292828 340 327 0.56
298868 355 342 0.71
304996 370 356 0.49
310280 382 368 0.74
316392 398 383 0.70
322520 413 399 0.68
328568 429 414 0.59
334708 445 430 0.75
340836 462 446 0.67
346972 479 463 0.83
353116 496 480 0.71
359264 513 498 0.86
365584 532 516 0.88
371712 550 534 0.66
377824 568 552 0.78
383824 586 571 0.84
390112 605 591 0.77
396484 623 611 1.00
402452 641 630 0.69
408720 660 650 0.56
414592 678 670 0.39
420848 697 690 0.50
427080 716 710 0.47
433016 733 728 0.64
438376 749 744 0.50
444600 768 764 0.27
450556 786 782 0.47
456796 804 800 0.48
463016 823 819 0.48
468856 841 837 0.34
475072 860 856 0.63
481376 878 874 0.80
487580 897 892 0.54
493404 915 909 0.54
499616 933 927 0.69
505828 952 944 0.64
512040 970 963 0.65
518244 989 980 0.70
524148 1007 998 0.85
530424 1026 1016 0.66
536452 1044 1034 0.90
542764 1063 1053 0.80
548768 1081 1071 0.90
555072 1100 1091 0.76
561076 1118 1110 0.62
566136 1133 1126 0.78
572464 1152 1146 0.68
578496 1170 1164 0.60
584808 1189 1184 0.50
590840 1207 1203 0.46
596864 1225 1222 0.56
603196 1244 1240 0.42
609304 1262 1259 0.82
615236 1280 1276 0.62
621560 1299 1296 0.42
627592 1317 1314 0.62
633912 1336 1332 0.52
639928 1354 1350 0.52
646252 1373 1369 0.56
652360 1391 1387 0.86
658308 1409 1404 0.50
664608 1428 1423 0.60
670620 1446 1440 0.60
676924 1465 1459 0.64
682928 1483 1476 0.64
689240 1502 1495 0.68
694356 1517 1510 0.58
700372 1535 1527 0.82
706692 1554 1546 0.72
712708 1572 1564 0.82
719008 1591 1584 0.58
725020 1609 1602 0.68
731312 1628 1620 0.72
737316 1646 1639 0.78
743612 1665 1658 0.58
749616 1683 1676 0.68
755532 1701 1694 0.68
761852 1720 1713 0.68
767856 1738 1731 0.68
774156 1757 1750 0.58
780160 1775 1768 0.64
786460 1794 1787 0.68
792464 1812 1806 0.78
798776 1831 1824 0.54
804772 1849 1842 0.78
811072 1868 1862 0.68
817080 1886 1880 0.68
822112 1901 1895 0.74
828440 1920 1914 0.54
834440 1938 1932 0.78
840740 1956 1950 0.64
846752 1975 1968 0.64
853044 1993 1987 0.68
859048 2011 2005 0.68
865432 2030 2024 0.94
871448 2048 2042 0.64
877748 2067 2062 0.50
883756 2085 2080 0.60
890044 2104 2099 0.50
896052 2122 2118 0.56
901984 2140 2135 0.50
908380 2159 2154 0.90
914312 2177 2172 0.50
920600 2196 2191 0.60
926604 2214 2209 0.60
932900 2233 2228 0.50
938912 2251 2246 0.70
945216 2270 2264 0.50
950320 2285 2280 0.60
956612 2304 2298 0.64
962624 2322 2316 0.64
968540 2340 2334 0.64
974860 2359 2352 0.54
980860 2377 2370 0.78
987172 2396 2388 0.58
993256 2414 2406 1.00
999556 2433 2426 0.48
1005572 2451 2444 0.68
1011556 2469 2462 0.68
1017924 2488 2482 0.54
1024000 2506 2501 0.50
1030060 2524 2520 0.74
1036136 2543 2538 0.70
1042496 2562 2558 0.46
1048576 2580 2576 0.56
1054652 2598 2594 0.66
1060732 2616 2612 0.56
1067076 2636 2632 0.60
1073136 2654 2650 0.46
1078312 2669 2664 0.70
1084268 2687 2682 0.64
1090620 2706 2702 0.60
1096668 2724 2719 0.60
1102720 2742 2736 0.64
1109060 2761 2755 0.68
1115116 2780 2773 0.68
1121252 2798 2791 0.98
1127600 2817 2810 0.68
1133660 2835 2828 0.68
1139716 2853 2847 0.74
1145708 2871 2866 0.64
1152064 2891 2885 0.64
1158116 2909 2903 0.64
1164268 2927 2922 0.90
1170608 2946 2940 0.64
1176672 2964 2959 0.50
1182736 2982 2978 0.56
1188700 3000 2996 0.60
1195072 3020 3015 0.60
1201128 3038 3032 0.60
1206292 3053 3048 0.60
1212256 3071 3066 0.60
1218620 3090 3084 0.50
1224664 3108 3102 0.64
1230728 3126 3120 0.64
1237068 3146 3140 0.68
1243136 3164 3158 0.54
1249288 3182 3176 1.00
1255264 3200 3195 0.54
1261624 3219 3214 0.50
1267684 3237 3233 0.46
1273740 3256 3252 0.70
1280100 3275 3271 0.56
1286156 3293 3290 0.56
1292304 3311 3308 0.72
1298276 3329 3326 0.56
1304656 3348 3344 0.42
1310720 3366 3363 0.56
1316776 3385 3380 0.56
1322824 3403 3398 0.60
1329180 3422 3417 0.60
1334332 3437 3432 0.60
1340380 3455 3450 0.60
1346724 3474 3468 0.64
1352780 3492 3486 0.54
1358820 3510 3503 0.78
1365168 3530 3522 0.62
1371212 3548 3540 0.72
1377260 3566 3558 0.72
1383612 3585 3576 0.76
1389672 3603 3594 0.76
1395740 3621 3612 0.86
1401700 3639 3630 0.80
1408056 3658 3650 0.66
1414120 3677 3668 0.62
1420264 3695 3687 1.00
1426624 3714 3707 0.58
1432704 3732 3727 0.50
1438772 3750 3746 0.56
1444860 3769 3766 0.52
1450848 3787 3784 0.38
1457240 3806 3804 0.62
1462412 3821 3818 0.52
1468464 3839 3836 0.52
1474528 3858 3852 0.84
1480876 3877 3871 0.54
1486932 3895 3888 0.68
1492976 3913 3906 0.68
1499316 3932 3924 0.72
1505360 3950 3942 0.62
1511416 3968 3959 0.86
1517392 3986 3978 0.76
1523768 4006 3996 0.66
1529828 4024 4015 0.76
1535888 4042 4034 0.76
1541956 4060 4052 0.72
1548412 4079 4072 1.00
1554480 4097 4092 0.60
1560544 4116 4111 0.60
1566908 4135 4131 0.46
1572976 4153 4150 0.52
1579044 4171 4169 0.48
1585024 4189 4188 0.38
1590140 4205 4204 0.44
1596516 4224 4222 0.44
1602584 4242 4240 0.34
1608652 4260 4259 0.44
1614716 4278 4276 0.48
1621068 4298 4295 0.52
1627136 4316 4312 0.52
1633276 4334 4330 0.96
1639252 4352 4348 0.56
1645624 4371 4367 0.56
1651684 4389 4384 0.46
1657728 4407 4402 0.60
1664076 4427 4422 0.64
1670132 4445 4439 0.64
1676276 4463 4456 1.00
1682252 4481 4475 0.50
1688620 4500 4495 0.60
1694668 4518 4513 0.60
1700720 4536 4531 0.74
1707076 4556 4550 0.50
1713144 4574 4568 0.50
1718300 4589 4584 0.60
1724272 4607 4602 0.64
1730624 4626 4621 0.60
1736672 4644 4639 0.60
1742724 4662 4656 0.64
1749048 4681 4676 0.68
1755104 4700 4694 0.54
1761136 4718 4712 0.74
1767480 4737 4731 0.64
1773524 4755 4748 0.64
1779568 4773 4767 0.64
1785904 4792 4786 0.54
1791960 4810 4804 0.50
1797992 4828 4822 0.60
1804420 4847 4842 0.90
1810464 4865 4860 0.60
1816404 4884 4878 0.64
1822748 4903 4898 0.50
1828792 4921 4916 0.60
1834848 4939 4934 0.70
1841176 4958 4952 0.60
1846344 4973 4968 0.60
1852284 4991 4986 0.64
1858620 5010 5004 0.60
1864656 5028 5023 0.60
1870692 5046 5040 0.60
1877016 5065 5059 0.64
1883060 5083 5077 0.68
1889104 5102 5095 0.78
1895436 5121 5114 0.58
1901476 5139 5132 0.64
1907808 5158 5151 0.68
1913848 5176 5170 0.68
1919888 5194 5188 0.78
1926236 5213 5207 0.64
1932364 5231 5226 0.80
1938400 5249 5244 0.60
1944744 5268 5263 0.50
1950784 5286 5281 0.50
1956828 5305 5299 0.74
1963160 5324 5318 0.64
1969224 5342 5336 0.74
1974372 5357 5351 0.94
1980432 5375 5370 0.60
1986764 5394 5388 0.64
1992816 5412 5407 0.50
1998856 5431 5424 0.78
2004828 5449 5443 0.50
2011180 5468 5462 0.54
2017328 5486 5480 0.94
2023276 5504 5498 0.68
2029628 5523 5518 0.50
2035672 5541 5536 0.64
2041728 5559 5554 0.74
2048072 5579 5574 0.64
2054120 5597 5591 0.64
2060264 5615 5610 0.90
2066596 5634 5628 0.64
2072652 5652 5647 0.50
